Frame 63
6,1216,256,1810,0
Frame 64
6,1216,256,1810,0
Frame 65
6,1216,256,1810,0
Frame 66
6,1216,256,1810,0
Frame 67
6,1216,256,1810,0
Frame 68
6,1216,256,1810,0
Frame 69
6,1216,256,1810,0
Frame 70
6,1216,256,1810,0
Frame 71
6,946,330,1673,0
Frame 72
6,946,330,1673,0
Frame 73
6,946,330,1673,0
Frame 74
6,946,330,1673,0
Frame 75
6,946,330,1673,0
Frame 76
6,946,330,1673,0
Frame 77
6,946,330,1673,0
Frame 78
6,946,330,1673,0
Frame 79
10,920,470,1733,0
Frame 80
10,920,470,1733,0
Frame 81
10,920,470,1733,0
Frame 82
10,920,470,1733,0
Frame 83
10,920,470,1733,0
Frame 84
10,920,470,1733,0
Frame 85
10,920,470,1733,0
Frame 86
40,1010,640,1820,0
Frame 87
40,1010,640,1820,0
Frame 88
40,1010,640,1820,0
Frame 89
40,1010,640,1820,0
Frame 90
40,1010,640,1820,0
Frame 91
140,1070,673,1893,0
Frame 92
140,1070,673,1893,0
Frame 93
140,1070,673,1893,0
Frame 94
140,1070,673,1893,0
Frame 95
140,1070,673,1893,0
Frame 96
140,1070,673,1893,0
Frame 97
140,1070,673,1893,0
Frame 98
140,1070,673,1893,0
Frame 99
140,1070,673,1893,0
Frame 100
140,1070,673,1893,0
Frame 101
236,1103,760,1900,0
Frame 102
236,1103,760,1900,0
Frame 103
236,1103,760,1900,0
Frame 104
236,1103,760,1900,0
Frame 105
236,1103,760,1900,0
Frame 106
236,1103,760,1900,0
Frame 107
236,1103,760,1900,0
Frame 108
236,1103,760,1900,0
Frame 109
236,1103,760,1900,0
Frame 110
236,1103,760,1900,0
Frame 111
236,1103,760,1900,0
Frame 112
236,1103,760,1900,0
Frame 113
236,1103,760,1900,0
Frame 145
236,1103,760,1900,0
Frame 146
343,1066,850,1900,0
Frame 147
343,1066,850,1900,0
Frame 148
343,1066,850,1900,0
Frame 149
343,1066,850,1900,0
Frame 150
343,1066,850,1900,0
Frame 151
343,1066,850,1900,0
Frame 152
343,1066,850,1900,0
Frame 153
343,1066,850,1900,0
Frame 154
343,1066,850,1900,0
Frame 155
343,1066,850,1900,0
Frame 156
343,1066,850,1900,0
Frame 157
343,1066,850,1900,0
Frame 158
343,1066,850,1900,0
Frame 159
343,1066,850,1900,0
Frame 160
343,1066,850,1900,0
Frame 161
276,1050,850,1903,0
Frame 162
276,1050,850,1903,0
Frame 163
276,1050,850,1903,0
Frame 164
276,1050,850,1903,0
Frame 165
276,1050,850,1903,0
Frame 166
276,1050,850,1903,0
Frame 167
276,1050,850,1903,0
Frame 168
276,1050,850,1903,0
Frame 169
276,1050,850,1903,0
Frame 170
276,1050,850,1903,0
Frame 171
276,1050,850,1903,0
Frame 172
276,1050,850,1903,0
Frame 173
276,1050,850,1903,0
Frame 174
276,1050,850,1903,0
Frame 175
276,1050,850,1903,0
Frame 176
276,1050,850,1903,0
Frame 177
276,1050,850,1903,0
Frame 178
276,1050,850,1903,0
Frame 179
276,1050,850,1903,0
Frame 180
276,1050,850,1903,0
Frame 181
276,1050,850,1903,0
Frame 182
276,1050,850,1903,0
Frame 183
276,1050,850,1903,0
Frame 184
276,1050,850,1903,0
Frame 185
276,1050,850,1903,0
Frame 186
276,1050,850,1903,0
Frame 187
276,1050,850,1903,0
Frame 188
276,1050,850,1903,0
Frame 189
276,1050,850,1903,0
Frame 190
276,1050,850,1903,0
Frame 191
276,1050,850,1903,0
Frame 192
276,1050,850,1903,0
Frame 193
276,1050,850,1903,0
Frame 194
276,1050,850,1903,0
Frame 195
276,1050,850,1903,0
Frame 196
276,1050,850,1903,0
Frame 197
276,1050,850,1903,0
Frame 198
276,1050,850,1903,0
Frame 199
276,1050,850,1903,0
Frame 200
276,1050,850,1903,0
Frame 201
276,1050,850,1903,0
Frame 202
276,1050,850,1903,0
Frame 203
276,1050,850,1903,0
Frame 204
276,1050,850,1903,0
Frame 205
276,1050,850,1903,0
Frame 206
276,1050,850,1903,0
Frame 207
276,1050,850,1903,0
Frame 208
276,1050,850,1903,0
Frame 209
276,1050,850,1903,0
Frame 210
276,1050,850,1903,0
Frame 211
276,1050,850,1903,0
Frame 212
276,1050,850,1903,0
Frame 213
276,1050,850,1903,0
Frame 214
276,1050,850,1903,0
Frame 215
276,1050,850,1903,0
Frame 216
276,1050,850,1903,0
Frame 217
276,1050,850,1903,0
Frame 218
276,1050,850,1903,0
Frame 219
276,1050,850,1903,0
Frame 220
276,1050,850,1903,0
Frame 221
430,1053,870,1896,0
Frame 222
430,1053,870,1896,0
Frame 223
430,1053,870,1896,0
Frame 224
430,1053,870,1896,0
Frame 225
430,1053,870,1896,0
Frame 226
430,1053,870,1896,0
Frame 227
430,1053,870,1896,0
Frame 228
430,1053,870,1896,0
Frame 229
430,1053,870,1896,0
Frame 230
430,1053,870,1896,0
Frame 231
430,1053,870,1896,0
Frame 232
430,1053,870,1896,0
Frame 233
430,1053,870,1896,0
Frame 234
430,1053,870,1896,0
Frame 235
383,1036,860,1900,0
Frame 236
383,1036,860,1900,0
Frame 237
383,1036,860,1900,0
Frame 238
383,1036,860,1900,0
Frame 239
383,1036,860,1900,0
Frame 240
383,1036,860,1900,0
Frame 241
383,1036,860,1900,0
Frame 242
310,983,790,1900,0
Frame 243
310,983,790,1900,0
Frame 244
310,983,790,1900,0
Frame 245
310,983,790,1900,0
Frame 246
310,983,790,1900,0
Frame 247
310,983,790,1900,0
Frame 248
310,983,790,1900,0
Frame 249
310,983,790,1900,0
Frame 250
310,983,790,1900,0
Frame 251
303,930,720,1896,0
Frame 252
303,930,720,1896,0
Frame 253
303,930,720,1896,0
Frame 254
303,930,720,1896,0
Frame 255
303,930,720,1896,0
Frame 256
303,930,720,1896,0
Frame 257
303,930,720,1896,0
Frame 258
303,930,720,1896,0
Frame 259
330,903,763,1903,0
Frame 260
330,903,763,1903,0
Frame 261
330,903,763,1903,0
Frame 262
330,903,763,1903,0
Frame 263
330,903,763,1903,0
Frame 264
330,903,763,1903,0
Frame 265
330,903,763,1903,0
Frame 266
330,903,763,1903,0
Frame 267
330,903,763,1903,0
Frame 268
330,903,763,1903,0
Frame 269
330,903,763,1903,0
Frame 270
496,910,816,1900,0
Frame 271
496,910,816,1900,0
Frame 272
496,910,816,1900,0
Frame 273
496,910,816,1900,0
Frame 274
496,910,816,1900,0
Frame 275
496,910,816,1900,0
Frame 276
496,910,816,1900,0
Frame 277
496,910,816,1900,0
Frame 278
570,896,826,1900,0
Frame 279
570,896,826,1900,0
Frame 280
570,896,826,1900,0
Frame 281
570,896,826,1900,0
Frame 282
570,896,826,1900,0
Frame 283
570,896,826,1900,0
Frame 284
560,893,870,1893,0
Frame 285
560,893,870,1893,0
Frame 286
560,893,870,1893,0
Frame 287
560,893,870,1893,0
Frame 288
560,893,870,1893,0
Frame 289
560,893,870,1893,0
Frame 290
560,893,870,1893,0
Frame 291
560,893,870,1893,0
Frame 292
560,893,870,1893,0
Frame 293
560,893,870,1893,0
Frame 294
560,893,870,1893,0
Frame 295
560,893,870,1893,0
Frame 296
560,893,870,1893,0
Frame 297
560,893,870,1893,0
Frame 298
536,850,893,1903,0
Frame 299
536,850,893,1903,0
Frame 300
536,850,893,1903,0
Frame 301
536,850,893,1903,0
Frame 302
536,850,893,1903,0
Frame 303
536,850,893,1903,0
Frame 304
536,850,893,1903,0
Frame 305
536,850,893,1903,0
Frame 306
443,826,803,1893,0
Frame 307
443,826,803,1893,0
Frame 308
443,826,803,1893,0
Frame 309
443,826,803,1893,0
Frame 310
443,826,803,1893,0
Frame 311
443,826,803,1893,0
Frame 312
406,806,756,1870,0
Frame 313
406,806,756,1870,0
Frame 314
406,806,756,1870,0
Frame 315
406,806,756,1870,0
Frame 316
406,806,756,1870,0
Frame 317
406,806,756,1870,0
Frame 318
406,806,756,1870,0
Frame 319
406,806,756,1870,0
Frame 320
386,770,700,1770,0
Frame 321
386,770,700,1770,0
Frame 322
386,770,700,1770,0
Frame 323
386,770,700,1770,0
Frame 324
386,770,700,1770,0
Frame 325
386,770,700,1770,0
Frame 326
386,770,700,1770,0
Frame 327
386,770,700,1770,0
Frame 328
386,770,700,1770,0
Frame 329
386,770,700,1770,0
Frame 330
386,770,700,1770,0
Frame 331
386,770,700,1770,0
Frame 332
386,770,700,1770,0
Frame 333
386,770,700,1770,0
Frame 334
386,770,700,1770,0
Frame 335
416,770,660,1790,0
Frame 336
416,770,660,1790,0
Frame 337
416,770,660,1790,0
Frame 338
416,770,660,1790,0
Frame 339
416,770,660,1790,0
Frame 340
416,770,660,1790,0
Frame 341
416,770,660,1790,0
Frame 342
416,770,660,1790,0
Frame 343
416,770,660,1790,0
Frame 344
416,770,660,1790,0
Frame 345
416,770,660,1790,0
Frame 346
360,753,673,1696,0
Frame 347
360,753,673,1696,0
Frame 348
360,753,673,1696,0
Frame 349
360,753,673,1696,0
Frame 350
360,753,673,1696,0
Frame 351
360,753,673,1696,0
Frame 352
360,753,673,1696,0
Frame 353
360,753,673,1696,0
Frame 354
360,753,673,1696,0
Frame 355
323,743,650,1710,0
Frame 356
323,743,650,1710,0
Frame 357
323,743,650,1710,0
Frame 358
323,743,650,1710,0
Frame 359
323,743,650,1710,0
Frame 360
323,743,650,1710,0
Frame 361
323,743,650,1710,0
Frame 362
323,743,650,1710,0
Frame 363
323,743,650,1710,0
Frame 364
323,743,650,1710,0
Frame 365
323,743,650,1710,0
Frame 366
323,743,650,1710,0
Frame 367
323,743,650,1710,0
Frame 368
323,743,650,1710,0
Frame 369
323,743,650,1710,0
Frame 370
323,743,650,1710,0
Frame 371
323,743,650,1710,0
Frame 372
323,743,650,1710,0
Frame 373
323,743,650,1710,0
Frame 374
323,743,650,1710,0
Frame 375
323,743,650,1710,0
Frame 376
323,743,650,1710,0
Frame 377
323,743,650,1710,0
Frame 378
323,743,650,1710,0
Frame 379
323,743,650,1710,0
Frame 380
323,743,650,1710,0
Frame 381
323,743,650,1710,0
Frame 382
323,743,650,1710,0
Frame 383
323,743,650,1710,0
Frame 384
323,743,650,1710,0
Frame 385
323,743,650,1710,0
Frame 386
323,743,650,1710,0
Frame 387
323,743,650,1710,0
Frame 388
323,743,650,1710,0
Frame 389
323,743,650,1710,0
Frame 390
323,743,650,1710,0
Frame 391
323,743,650,1710,0
Frame 392
333,736,610,1700,0
Frame 393
333,736,610,1700,0
Frame 394
333,736,610,1700,0
Frame 395
333,736,610,1700,0
Frame 396
333,736,610,1700,0
Frame 397
333,736,610,1700,0
Frame 398
333,736,610,1700,0
Frame 399
283,723,543,1713,0
Frame 400
283,723,543,1713,0
Frame 401
283,723,543,1713,0
Frame 402
283,723,543,1713,0
Frame 403
283,723,543,1713,0
Frame 404
283,723,543,1713,0
Frame 405
246,710,483,1663,0
Frame 406
246,710,483,1663,0
Frame 407
246,710,483,1663,0
Frame 408
246,710,483,1663,0
Frame 409
246,710,483,1663,0
Frame 410
246,710,483,1663,0
Frame 411
246,710,483,1663,0
Frame 412
166,703,446,1586,0
Frame 413
166,703,446,1586,0
Frame 414
166,703,446,1586,0
Frame 415
166,703,446,1586,0
Frame 416
166,703,446,1586,0
Frame 417
166,703,446,1586,0
Frame 418
166,703,446,1586,0
Frame 419
166,703,446,1586,0
Frame 420
166,703,446,1586,0
Frame 421
83,696,436,1580,0
Frame 422
83,696,436,1580,0
Frame 423
83,696,436,1580,0
Frame 424
83,696,436,1580,0
Frame 425
83,696,436,1580,0
Frame 426
40,686,340,1550,0
Frame 427
40,686,340,1550,0
Frame 428
40,686,340,1550,0
Frame 429
40,686,340,1550,0
Frame 430
40,686,340,1550,0
Frame 431
40,686,340,1550,0
Frame 432
40,686,340,1550,0
Frame 433
40,686,340,1550,0
Frame 434
20,670,273,1523,0
Frame 435
20,670,273,1523,0
Frame 436
20,670,273,1523,0
Frame 437
20,670,273,1523,0
Frame 438
20,670,273,1523,0
Frame 439
20,670,273,1523,0
Frame 440
20,670,273,1523,0
Frame 441
20,670,273,1523,0
Frame 442
20,670,273,1523,0
Frame 443
23,650,236,1480,0
Frame 444
23,650,236,1480,0
Frame 445
23,650,236,1480,0
Frame 446
23,650,236,1480,0
Frame 447
23,650,236,1480,0
Frame 448
23,650,236,1480,0
Frame 449
10,616,203,960,0
Frame 450
10,616,203,960,0
Frame 451
10,616,203,960,0
Frame 452
10,616,203,960,0
Frame 453
10,616,203,960,0
Frame 454
6,613,176,906,0
Frame 455
6,613,176,906,0
Frame 456
6,613,176,906,0
Frame 457
6,613,176,906,0
Frame 458
6,613,176,906,0
Frame 459
6,613,176,906,0
Frame 460
6,613,176,906,0
Frame 740
56,680,343,1536,0
Frame 741
56,680,343,1536,0
Frame 742
56,680,343,1536,0
Frame 743
56,680,343,1536,0
Frame 744
56,680,343,1536,0
Frame 745
56,680,343,1536,0
Frame 746
56,680,343,1536,0
Frame 747
56,680,343,1536,0
Frame 748
56,680,343,1536,0
Frame 749
56,680,343,1536,0
Frame 750
56,680,343,1536,0
Frame 751
56,680,343,1536,0
Frame 752
56,680,343,1536,0
Frame 753
90,753,416,1783,0
Frame 754
90,753,416,1783,0
Frame 755
90,753,416,1783,0
Frame 756
90,753,416,1783,0
Frame 757
90,753,416,1783,0
Frame 758
90,753,416,1783,0
Frame 759
90,753,416,1783,0
Frame 760
90,753,416,1783,0
Frame 761
90,753,416,1783,0
Frame 762
90,753,416,1783,0
Frame 763
90,753,416,1783,0
Frame 764
40,790,380,1856,0
Frame 765
40,790,380,1856,0
Frame 766
40,790,380,1856,0
Frame 767
40,790,380,1856,0
Frame 768
40,790,380,1856,0
Frame 769
40,790,380,1856,0
Frame 770
40,790,380,1856,0
Frame 771
10,840,380,1846,0
Frame 772
10,840,380,1846,0
Frame 773
10,840,380,1846,0
Frame 774
10,840,380,1846,0
Frame 775
10,840,380,1846,0
Frame 776
10,840,380,1846,0
Frame 777
10,856,276,1903,0
Frame 778
10,856,276,1903,0
Frame 779
10,856,276,1903,0
Frame 780
10,856,276,1903,0
Frame 781
10,856,276,1903,0
Frame 782
10,856,276,1903,0
Frame 783
10,1046,136,1903,0
Frame 784
10,1046,136,1903,0
Frame 785
10,1046,136,1903,0
Frame 1189
236,746,520,1740,0
Frame 1190
236,746,520,1740,0
Frame 1191
236,746,520,1740,0
Frame 1192
236,746,520,1740,0
Frame 1193
236,746,520,1740,0
Frame 1194
236,746,520,1740,0
Frame 1195
236,746,520,1740,0
Frame 1196
226,693,516,1716,0
Frame 1197
226,693,516,1716,0
Frame 1198
226,693,516,1716,0
Frame 1199
226,693,516,1716,0
Frame 1200
226,693,516,1716,0
Frame 1201
226,693,516,1716,0
Frame 1202
226,693,516,1716,0
Frame 1203
226,693,516,1716,0
Frame 1204
226,693,516,1716,0
Frame 1205
216,670,510,1470,0
Frame 1206
216,670,510,1470,0
Frame 1207
216,670,510,1470,0
Frame 1208
216,670,510,1470,0
Frame 1209
216,670,510,1470,0
Frame 1210
216,670,510,1470,0
Frame 1211
216,670,510,1470,0
Frame 1212
216,670,510,1470,0
Frame 1213
216,670,510,1470,0
Frame 1214
216,670,510,1470,0
Frame 1215
216,670,510,1470,0
Frame 1216
216,670,510,1470,0
Frame 1217
216,670,510,1470,0
Frame 1218
216,670,510,1470,0
Frame 1219
226,616,453,1400,0
Frame 1220
226,616,453,1400,0
Frame 1221
226,616,453,1400,0
Frame 1222
226,616,453,1400,0
Frame 1223
226,616,453,1400,0
Frame 1224
226,616,453,1400,0
Frame 1225
226,616,453,1400,0
Frame 1226
226,616,453,1400,0
Frame 1227
226,616,453,1400,0
Frame 1228
206,623,433,1376,0
Frame 1229
206,623,433,1376,0
Frame 1230
206,623,433,1376,0
Frame 1231
206,623,433,1376,0
Frame 1232
206,623,433,1376,0
Frame 1233
206,623,433,1376,0
Frame 1234
206,623,433,1376,0
Frame 1235
140,610,400,1336,0
Frame 1236
140,610,400,1336,0
Frame 1237
140,610,400,1336,0
Frame 1238
140,610,400,1336,0
Frame 1239
140,610,400,1336,0
Frame 1240
140,610,400,1336,0
Frame 1241
106,583,310,1290,0
Frame 1242
106,583,310,1290,0
Frame 1243
106,583,310,1290,0
Frame 1244
106,583,310,1290,0
Frame 1245
106,583,310,1290,0
Frame 1246
106,583,310,1290,0
Frame 1247
106,583,310,1290,0
Frame 1248
106,583,310,1290,0
Frame 1249
106,583,310,1290,0
Frame 1250
83,583,296,1293,0
Frame 1251
83,583,296,1293,0
Frame 1252
83,583,296,1293,0
Frame 1253
83,583,296,1293,0
Frame 1254
83,583,296,1293,0
Frame 1255
83,583,296,1293,0
Frame 1256
83,583,296,1293,0
Frame 1257
83,583,296,1293,0
Frame 1258
53,546,236,1226,0
Frame 1259
53,546,236,1226,0
Frame 1260
53,546,236,1226,0
Frame 1261
53,546,236,1226,0
Frame 1262
53,546,236,1226,0
Frame 1263
53,546,236,1226,0
Frame 1264
53,546,236,1226,0
Frame 1265
53,546,236,1226,0
Frame 1266
53,546,236,1226,0
Frame 1267
53,546,236,1226,0
Frame 1268
20,556,250,1200,0
Frame 1269
20,556,250,1200,0
Frame 1270
20,556,250,1200,0
Frame 1271
20,556,250,1200,0
Frame 1272
20,556,250,1200,0
Frame 1273
10,553,196,1156,0
Frame 1274
10,553,196,1156,0
Frame 1275
10,553,196,1156,0
Frame 1276
10,553,196,1156,0
Frame 1277
10,553,196,1156,0
Frame 1278
10,553,196,1156,0
Frame 1279
6,536,110,1106,0
Frame 1280
6,536,110,1106,0
Frame 1281
6,536,110,1106,0
Frame 1282
6,536,110,1106,0
Frame 1283
6,536,110,1106,0
Frame 1284
6,536,110,1106,0
Frame 1285
6,536,110,1106,0
Frame 1286
6,536,110,1106,0
Frame 2776
6,513,56,1023,0
Frame 2777
6,513,56,1023,0
Frame 2778
6,513,56,1023,0
Frame 2779
6,513,56,1023,0
Frame 2780
6,513,56,1023,0
Frame 2781
6,513,56,1023,0
Frame 2782
6,513,56,1023,0
Frame 2783
6,513,56,1023,0
Frame 2784
6,513,56,1023,0
Frame 2785
6,513,56,1023,0
Frame 2786
6,513,56,1023,0
Frame 2787
6,513,56,1023,0
Frame 2788
6,513,56,1023,0
Frame 2789
6,513,56,1023,0
Frame 2790
6,513,56,1023,0
Frame 2791
6,513,56,1023,0
Frame 2792
6,513,56,1023,0
Frame 2793
6,513,56,1023,0
Frame 2794
6,513,56,1023,0
Frame 2795
6,513,56,1023,0
Frame 2796
6,513,56,1023,0
Frame 2797
6,510,73,1023,0
Frame 2798
6,510,73,1023,0
Frame 2799
6,510,73,1023,0
Frame 2800
6,510,73,1023,0
Frame 2801
6,510,73,1023,0
Frame 2802
6,510,73,1023,0
Frame 2803
6,510,73,1023,0
Frame 2804
6,510,73,1023,0
Frame 2805
6,510,73,1023,0
Frame 2806
6,510,73,1023,0
Frame 2807
6,510,73,1023,0
Frame 2808
6,510,73,1023,0
Frame 2809
6,510,73,1023,0
Frame 2838
6,513,106,1063,0
Frame 2839
6,513,106,1063,0
Frame 2840
6,513,106,1063,0
Frame 2841
6,513,106,1063,0
Frame 2842
6,513,106,1063,0
Frame 2843
6,513,106,1063,0
Frame 2844
6,513,106,1063,0
Frame 2845
6,513,106,1063,0
Frame 2846
6,513,106,1063,0
Frame 2847
6,513,106,1063,0
Frame 2848
6,513,106,1063,0
Frame 2849
6,513,106,1063,0
Frame 2850
6,513,106,1063,0
Frame 2851
6,513,106,1063,0
Frame 2852
6,513,106,1063,0
Frame 2853
6,513,106,1063,0
Frame 2854
6,513,106,1063,0
Frame 2855
6,513,106,1063,0
Frame 2856
6,513,106,1063,0
Frame 2857
6,513,106,1063,0
Frame 2858
6,513,106,1063,0
Frame 2859
6,513,106,1063,0
Frame 2860
6,513,106,1063,0
Frame 2861
6,513,106,1063,0
Frame 2862
6,513,106,1063,0
Frame 2863
6,513,106,1063,0
Frame 2864
6,513,106,1063,0
Frame 2865
6,513,106,1063,0
Frame 2866
6,513,106,1063,0
Frame 2867
6,513,106,1063,0
Frame 2868
6,513,106,1063,0
Frame 2869
6,513,106,1063,0
Frame 2870
6,513,106,1063,0
Frame 2871
6,513,106,1063,0
Frame 2872
6,513,106,1063,0
Frame 2873
6,513,106,1063,0
Frame 2874
6,513,106,1063,0
Frame 2875
6,513,106,1063,0
Frame 2876
26,523,130,1083,0
Frame 2877
26,523,130,1083,0
Frame 2878
26,523,130,1083,0
Frame 2879
26,523,130,1083,0
Frame 2880
26,523,130,1083,0
Frame 2881
26,523,130,1083,0
Frame 2882
26,523,130,1083,0
Frame 2883
26,523,130,1083,0
Frame 2884
26,523,130,1083,0
Frame 2885
26,523,130,1083,0
Frame 2886
26,523,130,1083,0
Frame 2887
26,523,130,1083,0
Frame 2888
26,523,130,1083,0
Frame 2889
26,523,130,1083,0
Frame 2890
26,523,130,1083,0
Frame 2891
26,523,130,1083,0
Frame 2892
26,523,130,1083,0
Frame 2893
26,523,130,1083,0
Frame 2894
26,523,130,1083,0
Frame 2895
26,523,130,1083,0
Frame 2896
26,523,130,1083,0
Frame 2897
26,523,130,1083,0
Frame 2898
13,533,140,1096,0
Frame 2899
13,533,140,1096,0
Frame 2900
13,533,140,1096,0
Frame 2901
13,533,140,1096,0
Frame 2902
13,533,140,1096,0
Frame 2903
13,533,140,1096,0
Frame 2904
13,533,140,1096,0
Frame 2905
13,533,140,1096,0
Frame 2906
13,533,140,1096,0
Frame 2907
13,533,140,1096,0
Frame 2908
13,533,140,1096,0
Frame 2909
13,533,140,1096,0
Frame 2910
13,533,140,1096,0
Frame 2911
13,533,140,1096,0
Frame 2912
13,533,140,1096,0
Frame 2913
13,533,140,1096,0
Frame 2914
13,533,140,1096,0
Frame 2915
13,533,140,1096,0
Frame 2916
13,533,140,1096,0
Frame 2917
13,533,140,1096,0
Frame 2918
13,533,140,1096,0
Frame 2919
13,533,140,1096,0
Frame 2920
13,533,140,1096,0
Frame 2921
6,536,190,1146,0
Frame 2922
6,536,190,1146,0
Frame 2923
6,536,190,1146,0
Frame 2924
6,536,190,1146,0
Frame 2925
6,536,190,1146,0
Frame 2926
6,536,190,1146,0
Frame 2927
6,536,190,1146,0
Frame 2928
6,536,190,1146,0
Frame 2929
6,536,190,1146,0
Frame 2930
6,536,190,1146,0
Frame 2931
6,536,190,1146,0
Frame 2932
6,536,190,1146,0
Frame 2933
6,536,190,1146,0
Frame 2934
6,536,190,1146,0
Frame 2935
6,536,190,1146,0
Frame 2936
6,536,190,1146,0
Frame 2937
6,536,190,1146,0
Frame 2938
6,536,190,1146,0
Frame 2939
6,536,190,1146,0
Frame 2940
6,536,190,1146,0
Frame 2941
6,536,190,1146,0
Frame 2942
6,536,190,1146,0
Frame 2943
6,536,190,1146,0
Frame 2944
56,543,193,1176,0
Frame 2945
56,543,193,1176,0
Frame 2946
56,543,193,1176,0
Frame 2947
56,543,193,1176,0
Frame 2948
56,543,193,1176,0
Frame 2949
56,543,193,1176,0
Frame 2950
56,543,193,1176,0
Frame 2951
56,543,193,1176,0
Frame 2952
56,543,193,1176,0
Frame 2953
56,543,193,1176,0
Frame 2954
56,543,193,1176,0
Frame 2955
56,543,193,1176,0
Frame 2956
56,543,193,1176,0
Frame 2957
56,543,193,1176,0
Frame 2958
56,543,193,1176,0
Frame 2959
73,556,230,1183,0
Frame 2960
73,556,230,1183,0
Frame 2961
73,556,230,1183,0
Frame 2962
73,556,230,1183,0
Frame 2963
73,556,230,1183,0
Frame 2964
73,556,230,1183,0
Frame 2965
73,556,230,1183,0
Frame 2966
73,556,230,1183,0
Frame 2967
73,556,230,1183,0
Frame 2968
73,556,230,1183,0
Frame 2969
73,556,230,1183,0
Frame 2970
73,556,230,1183,0
Frame 2971
73,556,230,1183,0
Frame 2972
73,556,230,1183,0
Frame 2973
73,556,230,1183,0
Frame 2974
73,556,230,1183,0
Frame 2975
73,556,230,1183,0
Frame 2976
73,556,230,1183,0
Frame 2977
73,556,230,1183,0
Frame 2978
73,556,230,1183,0
Frame 2979
73,556,230,1183,0
Frame 2980
73,556,230,1183,0
Frame 2981
73,556,230,1183,0
Frame 2982
73,556,230,1183,0
Frame 2983
73,556,230,1183,0
Frame 2984
63,560,303,1203,0
Frame 2985
63,560,303,1203,0
Frame 2986
63,560,303,1203,0
Frame 2987
63,560,303,1203,0
Frame 2988
63,560,303,1203,0
Frame 2989
63,560,303,1203,0
Frame 2990
63,560,303,1203,0
Frame 2991
63,560,303,1203,0
Frame 2992
63,560,303,1203,0
Frame 2993
63,560,303,1203,0
Frame 2994
63,560,303,1203,0
Frame 2995
63,560,303,1203,0
Frame 2996
63,560,303,1203,0
Frame 2997
63,560,303,1203,0
Frame 2998
63,560,303,1203,0
Frame 2999
63,560,303,1203,0
Frame 3000
63,560,303,1203,0
Frame 3001
63,560,303,1203,0
Frame 3002
63,560,303,1203,0
Frame 3003
63,560,303,1203,0
Frame 3004
126,580,353,1260,0
Frame 3005
126,580,353,1260,0
Frame 3006
126,580,353,1260,0
Frame 3007
126,580,353,1260,0
Frame 3008
126,580,353,1260,0
Frame 3009
126,580,353,1260,0
Frame 3010
126,580,353,1260,0
Frame 3011
126,580,353,1260,0
Frame 3012
126,580,353,1260,0
Frame 3013
126,580,353,1260,0
Frame 3014
126,580,353,1260,0
Frame 3015
126,580,353,1260,0
Frame 3016
196,593,343,1273,0
Frame 3017
196,593,343,1273,0
Frame 3018
196,593,343,1273,0
Frame 3019
196,593,343,1273,0
Frame 3020
196,593,343,1273,0
Frame 3021
196,593,343,1273,0
Frame 3022
196,593,343,1273,0
Frame 3023
196,593,343,1273,0
Frame 3024
196,593,343,1273,0
Frame 3025
196,593,343,1273,0
Frame 3026
196,593,343,1273,0
Frame 3027
196,593,343,1273,0
Frame 3028
196,593,343,1273,0
Frame 3029
196,593,343,1273,0
Frame 3030
196,593,343,1273,0
Frame 3031
196,593,343,1273,0
Frame 3032
196,593,343,1273,0
Frame 3033
196,593,343,1273,0
Frame 3034
196,593,343,1273,0
Frame 3035
196,593,343,1273,0
Frame 3036
196,593,343,1273,0
Frame 3037
220,603,400,1300,0
Frame 3038
220,603,400,1300,0
Frame 3039
220,603,400,1300,0
Frame 3040
220,603,400,1300,0
Frame 3041
220,603,400,1300,0
Frame 3042
220,603,400,1300,0
Frame 3043
220,603,400,1300,0
Frame 3044
220,603,400,1300,0
Frame 3045
220,603,400,1300,0
Frame 3046
220,603,400,1300,0
Frame 3047
220,603,400,1300,0
Frame 3048
220,603,400,1300,0
Frame 3049
220,603,400,1300,0
Frame 3050
220,603,400,1300,0
Frame 3051
220,603,400,1300,0
Frame 3052
220,603,400,1300,0
Frame 3053
220,603,400,1300,0
Frame 3054
220,603,400,1300,0
Frame 3055
220,603,400,1300,0
Frame 3056
220,603,400,1300,0
Frame 3057
220,603,400,1300,0
Frame 3058
220,603,400,1300,0
Frame 3059
220,603,400,1300,0
Frame 3060
220,603,400,1300,0
Frame 3061
220,603,400,1300,0
Frame 3062
220,603,400,1300,0
Frame 3063
220,603,400,1300,0
Frame 3064
220,603,400,1300,0
Frame 3065
220,603,400,1300,0
Frame 3066
220,603,400,1300,0
Frame 3067
240,613,496,1366,0
Frame 3068
240,613,496,1366,0
Frame 3069
240,613,496,1366,0
Frame 3070
240,613,496,1366,0
Frame 3071
240,613,496,1366,0
Frame 3072
240,613,496,1366,0
Frame 3073
240,613,496,1366,0
Frame 3074
240,613,496,1366,0
Frame 3075
240,613,496,1366,0
Frame 3076
240,613,496,1366,0
Frame 3077
240,613,496,1366,0
Frame 3078
240,613,496,1366,0
Frame 3079
240,613,496,1366,0
Frame 3080
240,613,496,1366,0
Frame 3081
240,613,496,1366,0
Frame 3082
240,613,496,1366,0
Frame 3083
240,613,496,1366,0
Frame 3084
240,613,496,1366,0
Frame 3085
340,623,500,1386,0
Frame 3086
340,623,500,1386,0
Frame 3087
340,623,500,1386,0
Frame 3088
340,623,500,1386,0
Frame 3089
340,623,500,1386,0
Frame 3090
340,623,500,1386,0
Frame 3091
340,623,500,1386,0
Frame 3092
340,623,500,1386,0
Frame 3093
340,623,500,1386,0
Frame 3094
340,623,500,1386,0
Frame 3095
353,633,523,1400,0
Frame 3096
353,633,523,1400,0
Frame 3097
353,633,523,1400,0
Frame 3098
353,633,523,1400,0
Frame 3099
353,633,523,1400,0
Frame 3100
353,633,523,1400,0
Frame 3101
353,633,523,1400,0
Frame 3102
353,633,523,1400,0
Frame 3103
353,633,523,1400,0
Frame 3104
353,633,523,1400,0
Frame 3105
353,633,523,1400,0
Frame 3106
353,633,523,1400,0
Frame 3107
353,633,523,1400,0
Frame 3108
353,633,523,1400,0
Frame 3109
353,633,523,1400,0
Frame 3110
353,633,523,1400,0
Frame 3111
353,633,523,1400,0
Frame 3112
353,633,523,1400,0
Frame 3113
353,633,523,1400,0
Frame 3114
353,633,523,1400,0
Frame 3115
353,633,523,1400,0
Frame 3116
353,633,523,1400,0
Frame 3117
353,633,523,1400,0
Frame 3118
353,633,523,1400,0
Frame 3119
356,660,593,1510,0
Frame 3120
356,660,593,1510,0
Frame 3121
356,660,593,1510,0
Frame 3122
356,660,593,1510,0
Frame 3123
356,660,593,1510,0
Frame 3124
356,660,593,1510,0
Frame 3125
356,660,593,1510,0
Frame 3126
356,660,593,1510,0
Frame 3127
356,660,593,1510,0
Frame 3128
356,660,593,1510,0
Frame 3129
356,660,593,1510,0
Frame 3130
356,660,593,1510,0
Frame 3131
356,660,593,1510,0
Frame 3132
356,660,593,1510,0
Frame 3133
356,660,593,1510,0
Frame 3134
356,660,593,1510,0
Frame 3135
356,660,593,1510,0
Frame 3136
356,660,593,1510,0
Frame 3137
356,660,593,1510,0
Frame 3138
356,660,593,1510,0
Frame 3139
420,683,670,1580,0
Frame 3140
420,683,670,1580,0
Frame 3141
420,683,670,1580,0
Frame 3142
420,683,670,1580,0
Frame 3143
420,683,670,1580,0
Frame 3144
420,683,670,1580,0
Frame 3145
420,683,670,1580,0
Frame 3146
420,683,670,1580,0
Frame 3147
420,683,670,1580,0
Frame 3148
496,690,690,1610,0
Frame 3149
496,690,690,1610,0
Frame 3150
496,690,690,1610,0
Frame 3151
496,690,690,1610,0
Frame 3152
496,690,690,1610,0
Frame 3153
496,690,690,1610,0
Frame 3154
496,690,690,1610,0
Frame 3155
496,690,690,1610,0
Frame 3156
496,690,690,1610,0
Frame 3157
546,700,720,1633,0
Frame 3158
546,700,720,1633,0
Frame 3159
546,700,720,1633,0
Frame 3160
546,700,720,1633,0
Frame 3161
546,700,720,1633,0
Frame 3162
546,700,720,1633,0
Frame 3163
546,700,720,1633,0
Frame 3164
546,700,720,1633,0
Frame 3165
546,700,720,1633,0
Frame 3166
546,700,720,1633,0
Frame 3167
546,700,720,1633,0
Frame 3168
546,700,720,1633,0
Frame 3169
546,700,720,1633,0
Frame 3170
546,700,720,1633,0
Frame 3171
540,713,810,1716,0
Frame 3172
540,713,810,1716,0
Frame 3173
540,713,810,1716,0
Frame 3174
540,713,810,1716,0
Frame 3175
540,713,810,1716,0
Frame 3176
540,713,810,1716,0
Frame 3177
540,713,810,1716,0
Frame 3178
540,713,810,1716,0
Frame 3179
540,713,810,1716,0
Frame 3180
540,713,810,1716,0
Frame 3181
540,713,810,1716,0
Frame 3182
540,713,810,1716,0
Frame 3183
540,713,810,1716,0
Frame 3184
540,713,810,1716,0
Frame 3185
540,713,810,1716,0
Frame 3186
540,713,810,1716,0
Frame 3187
540,713,810,1716,0
Frame 3188
540,713,810,1716,0
Frame 3189
540,713,810,1716,0
Frame 3190
540,713,810,1716,0
Frame 3191
540,713,810,1716,0
Frame 3192
540,713,810,1716,0
Frame 3193
540,713,810,1716,0
Frame 3194
540,713,810,1716,0
Frame 3195
540,713,810,1716,0
Frame 3196
570,760,896,1786,0
Frame 3197
570,760,896,1786,0
Frame 3198
570,760,896,1786,0
Frame 3199
570,760,896,1786,0
Frame 3200
570,760,896,1786,0
Frame 3201
570,760,896,1786,0
Frame 3202
570,760,896,1786,0
Frame 3203
570,760,896,1786,0
Frame 3204
570,760,896,1786,0
Frame 3205
570,760,896,1786,0
Frame 3206
570,760,896,1786,0
Frame 3207
570,760,896,1786,0
Frame 3208
570,760,896,1786,0
Frame 3209
570,760,896,1786,0
Frame 3210
570,760,896,1786,0
Frame 3211
686,776,906,1836,0
Frame 3212
686,776,906,1836,0
Frame 3213
686,776,906,1836,0
Frame 3214
686,776,906,1836,0
Frame 3215
686,776,906,1836,0
Frame 3216
686,776,906,1836,0
Frame 3217
686,776,906,1836,0
Frame 3218
686,776,906,1836,0
Frame 3219
686,776,906,1836,0
Frame 3220
686,776,906,1836,0
Frame 3221
720,790,926,1873,0
Frame 3222
720,790,926,1873,0
Frame 3223
720,790,926,1873,0
Frame 3224
720,790,926,1873,0
Frame 3225
720,790,926,1873,0
Frame 3226
720,790,926,1873,0
Frame 3227
720,790,926,1873,0
Frame 3228
720,790,926,1873,0
Frame 3229
720,790,926,1873,0
Frame 3230
723,763,933,1840,0
Frame 3231
723,763,933,1840,0
Frame 3232
723,763,933,1840,0
Frame 3233
723,763,933,1840,0
Frame 3234
723,763,933,1840,0
Frame 3235
723,763,933,1840,0
Frame 3236
723,763,933,1840,0
Frame 3237
723,763,933,1840,0
Frame 3238
723,763,933,1840,0
Frame 3239
723,763,933,1840,0
Frame 3240
723,763,933,1840,0
Frame 3241
723,763,933,1840,0
Frame 3242
723,763,933,1840,0
Frame 3243
723,763,933,1840,0
Frame 3244
723,763,933,1840,0
Frame 3245
723,763,933,1840,0
Frame 3246
723,763,933,1840,0
Frame 3247
723,763,933,1840,0
Frame 3248
763,790,946,1840,0
Frame 3249
763,790,946,1840,0
Frame 3250
763,790,946,1840,0
Frame 3251
763,790,946,1840,0
Frame 3252
763,790,946,1840,0
Frame 3253
763,790,946,1840,0
Frame 3254
763,790,946,1840,0
Frame 3255
763,790,946,1840,0
Frame 3256
763,790,946,1840,0
Frame 3257
763,790,946,1840,0
Frame 3258
763,790,946,1840,0
Frame 3259
763,790,946,1840,0
Frame 3260
763,790,946,1840,0
Frame 3261
763,790,946,1840,0
Frame 3262
763,790,946,1840,0
Frame 3263
763,790,946,1840,0
Frame 3264
763,790,946,1840,0
Frame 3265
790,803,993,1866,0
Frame 3266
790,803,993,1866,0
Frame 3267
790,803,993,1866,0
Frame 3268
790,803,993,1866,0
Frame 3269
790,803,993,1866,0
Frame 3270
790,803,993,1866,0
Frame 3271
790,803,993,1866,0
Frame 3272
790,803,993,1866,0
Frame 3273
790,803,993,1866,0
Frame 3274
790,803,993,1866,0
Frame 3275
790,803,993,1866,0
Frame 3276
790,803,993,1866,0
Frame 3277
790,803,993,1866,0
Frame 3278
790,803,993,1866,0
Frame 3279
790,803,993,1866,0
Frame 3280
790,803,993,1866,0
Frame 3281
790,803,993,1866,0
Frame 3282
790,803,993,1866,0
Frame 3283
790,803,993,1866,0
Frame 3284
790,803,993,1866,0
Frame 3285
790,803,993,1866,0
Frame 3286
790,803,993,1866,0
Frame 3287
790,803,993,1866,0
Frame 3288
790,803,993,1866,0
Frame 3289
790,803,993,1866,0
Frame 3290
790,803,993,1866,0
Frame 3291
790,803,993,1866,0
Frame 3292
790,803,993,1866,0
Frame 3293
790,803,993,1866,0
Frame 3294
790,803,993,1866,0
Frame 3295
790,803,993,1866,0
Frame 3296
790,803,993,1866,0
Frame 3297
790,803,993,1866,0
Frame 3298
790,803,993,1866,0
Frame 3299
790,803,993,1866,0
Frame 3300
790,803,993,1866,0
Frame 3301
790,803,993,1866,0
Frame 3302
790,803,993,1866,0
Frame 3303
790,803,993,1866,0
Frame 3304
790,803,993,1866,0
Frame 3305
790,803,993,1866,0
Frame 3306
790,803,993,1866,0
Frame 3307
790,803,993,1866,0
Frame 3308
790,803,993,1866,0
Frame 3309
790,803,993,1866,0
Frame 3310
790,803,993,1866,0
Frame 3311
790,803,993,1866,0
Frame 3312
790,803,993,1866,0
Frame 3313
790,803,993,1866,0
Frame 3314
790,803,993,1866,0
Frame 3315
766,800,1080,1186,0
Frame 3316
766,800,1080,1186,0
Frame 3317
766,800,1080,1186,0
Frame 3318
766,800,1080,1186,0
Frame 3319
766,800,1080,1186,0
Frame 3320
766,800,1080,1186,0
Frame 3321
766,800,1080,1186,0
Frame 3322
766,800,1080,1186,0
Frame 3323
766,800,1080,1186,0
Frame 3324
766,800,1080,1186,0
Frame 3325
766,800,1080,1186,0
Frame 3326
766,800,1080,1186,0
Frame 3327
766,800,1080,1186,0
Frame 3328
766,800,1080,1186,0
Frame 3329
766,800,1080,1186,0
Frame 3330
766,800,1080,1186,0
Frame 3331
813,793,1070,1253,0
Frame 3332
813,793,1070,1253,0
Frame 3333
813,793,1070,1253,0
Frame 3334
813,793,1070,1253,0
Frame 3335
813,793,1070,1253,0
Frame 3365
713,736,866,876,0
Frame 3366
713,736,866,876,0
Frame 3367
713,736,866,876,0
Frame 3368
713,736,866,876,0
Frame 3369
713,736,866,876,0
Frame 3370
713,736,866,876,0
Frame 3371
713,736,866,876,0
Frame 3372
713,736,866,876,0
Frame 3373
713,736,866,876,0
Frame 3374
713,736,866,876,0
Frame 3396
720,733,973,1180,0
Frame 3397
720,733,973,1180,0
Frame 3398
720,733,973,1180,0
Frame 3399
720,733,973,1180,0
Frame 3400
720,733,973,1180,0
Frame 3401
720,733,973,1180,0
Frame 3402
720,733,973,1180,0
Frame 3403
720,733,973,1180,0
Frame 3404
720,733,973,1180,0
Frame 3405
720,733,973,1180,0
Frame 3406
720,733,973,1180,0
Frame 3407
720,733,973,1180,0
Frame 3408
720,733,973,1180,0
Frame 3409
720,733,973,1180,0
Frame 3410
720,733,973,1180,0
Frame 3411
720,733,973,1180,0
Frame 3412
720,733,973,1180,0
Frame 3413
720,733,973,1180,0
Frame 3414
720,733,973,1180,0
Frame 3415
720,733,973,1180,0
Frame 3416
720,733,973,1180,0
Frame 3417
720,733,973,1180,0
Frame 3418
720,733,973,1180,0
Frame 3419
720,733,973,1180,0
Frame 3420
720,733,973,1180,0
Frame 3421
720,733,973,1180,0
Frame 3422
720,733,973,1180,0
Frame 3423
720,733,973,1180,0
Frame 3424
720,733,973,1180,0
Frame 3425
720,733,973,1180,0
Frame 3426
720,733,973,1180,0
Frame 3429
713,756,960,1160,0
Frame 3430
713,756,960,1160,0
Frame 3431
713,756,960,1160,0
Frame 3432
713,756,960,1160,0
Frame 3433
713,756,960,1160,0
Frame 3434
713,756,960,1160,0
Frame 3435
713,756,960,1160,0
Frame 3436
713,756,960,1160,0
Frame 3499
720,746,950,1136,0
Frame 3500
720,746,950,1136,0
Frame 3501
720,746,950,1136,0
Frame 3502
720,746,950,1136,0
Frame 3503
720,746,950,1136,0
Frame 3504
720,746,950,1136,0
Frame 3505
720,746,950,1136,0
Frame 3506
720,746,950,1136,0
Frame 3507
720,746,950,1136,0
Frame 3508
690,750,920,1163,0
Frame 3509
690,750,920,1163,0
Frame 3510
690,750,920,1163,0
Frame 3511
690,750,920,1163,0
Frame 3512
690,750,920,1163,0
Frame 3513
690,750,920,1163,0
Frame 3514
690,750,920,1163,0
Frame 3515
690,750,920,1163,0
Frame 3516
690,750,920,1163,0
Frame 3517
690,750,920,1163,0
Frame 3518
690,750,920,1163,0
Frame 3524
670,753,806,916,0
Frame 3525
670,753,806,916,0
Frame 3526
670,753,806,916,0
Frame 3527
670,753,806,916,0
Frame 3528
670,753,806,916,0
Frame 3529
670,753,806,916,0
Frame 3530
670,753,806,916,0
Frame 3564
483,736,670,1086,0
Frame 3565
483,736,670,1086,0
Frame 3566
483,736,670,1086,0
Frame 3567
483,736,670,1086,0
Frame 3568
483,736,670,1086,0
Frame 3569
483,736,670,1086,0
Frame 3570
483,736,670,1086,0
Frame 3571
483,736,670,1086,0
Frame 3572
483,736,670,1086,0
Frame 3573
483,736,670,1086,0
Frame 3574
483,736,670,1086,0
Frame 3575
483,736,670,1086,0
Frame 3576
483,736,670,1086,0
Frame 3577
483,736,670,1086,0
Frame 3578
483,736,670,1086,0
Frame 3579
483,736,670,1086,0
Frame 3580
483,736,670,1086,0
Frame 3581
483,736,670,1086,0
Frame 3582
483,736,670,1086,0
Frame 3583
483,736,670,1086,0
Frame 3584
483,736,670,1086,0
Frame 3585
483,736,670,1086,0
Frame 3586
483,736,670,1086,0
Frame 3587
483,736,670,1086,0
Frame 3588
483,736,670,1086,0
Frame 3589
483,736,670,1086,0
Frame 3590
483,736,670,1086,0
Frame 3591
483,736,670,1086,0
Frame 3592
483,736,670,1086,0
Frame 3593
483,736,670,1086,0
Frame 3594
503,736,660,1116,0
Frame 3595
503,736,660,1116,0
Frame 3596
503,736,660,1116,0
Frame 3597
503,736,660,1116,0
Frame 3598
503,736,660,1116,0
Frame 3599
503,736,660,1116,0
Frame 3600
503,736,660,1116,0
Frame 3601
543,733,683,1103,0
Frame 3602
543,733,683,1103,0
Frame 3603
543,733,683,1103,0
Frame 3604
543,733,683,1103,0
Frame 3605
543,733,683,1103,0
Frame 3606
543,733,683,1103,0
Frame 3607
543,733,683,1103,0
Frame 3608
543,733,683,1103,0
Frame 3654
670,733,843,946,0
Frame 3655
670,733,843,946,0
Frame 3656
670,733,843,946,0
Frame 3657
670,733,843,946,0
Frame 3658
670,733,843,946,0
Frame 3659
670,733,843,946,0
Frame 3660
670,733,843,946,0
Frame 3661
670,733,843,946,0
Frame 3662
670,733,843,946,0
Frame 3663
656,733,863,1133,0
Frame 3664
656,733,863,1133,0
Frame 3665
656,733,863,1133,0
Frame 3666
656,733,863,1133,0
Frame 3667
656,733,863,1133,0
Frame 3668
656,733,863,1133,0
Frame 3669
656,733,863,1133,0
Frame 3670
656,733,863,1133,0
Frame 3671
656,733,863,1133,0
Frame 3672
656,733,863,1133,0
Frame 3673
656,733,863,1133,0
Frame 3674
656,733,863,1133,0
Frame 3675
656,733,863,1133,0
Frame 3676
656,733,863,1133,0
Frame 3677
656,733,863,1133,0
Frame 3678
656,733,863,1133,0
Frame 3679
656,733,863,1133,0
Frame 3680
656,733,863,1133,0
Frame 3681
656,733,863,1133,0
Frame 3682
656,733,863,1133,0
Frame 3683
656,733,863,1133,0
Frame 3684
656,733,863,1133,0
Frame 3685
656,733,863,1133,0
Frame 3686
656,733,863,1133,0
Frame 3687
656,733,863,1133,0
Frame 3688
656,733,863,1133,0
Frame 3689
656,733,863,1133,0
Frame 3690
656,733,863,1133,0
Frame 3691
630,740,866,1116,0
Frame 3692
630,740,866,1116,0
Frame 3693
630,740,866,1116,0
Frame 3694
630,740,866,1116,0
Frame 3695
630,740,866,1116,0
Frame 3696
630,740,866,1116,0
Frame 3697
630,740,866,1116,0
Frame 3698
630,740,866,1116,0
Frame 3699
630,740,866,1116,0
Frame 3700
630,740,866,1116,0
Frame 3701
630,740,866,1116,0
Frame 3702
630,740,866,1116,0
Frame 3703
630,740,866,1116,0
Frame 3704
630,740,866,1116,0
Frame 3705
630,740,866,1116,0
Frame 3706
630,740,866,1116,0
Frame 3707
630,740,866,1116,0
Frame 3708
630,740,866,1116,0
Frame 3709
630,740,866,1116,0
Frame 3710
630,740,866,1116,0
Frame 3711
633,733,860,966,0
Frame 3712
633,733,860,966,0
Frame 3713
633,733,860,966,0
Frame 3714
633,733,860,966,0
Frame 3715
633,733,860,966,0
Frame 3716
633,733,860,966,0
Frame 3717
633,733,860,966,0
Frame 3718
633,733,860,966,0
Frame 3719
633,733,860,966,0
Frame 3720
633,733,860,966,0
Frame 3721
633,733,860,966,0
Frame 3722
633,733,860,966,0
Frame 3723
633,733,860,966,0
Frame 3724
633,733,860,966,0
Frame 3725
633,733,860,966,0
Frame 3726
633,733,860,966,0
Frame 3730
653,736,850,956,0
Frame 3731
653,736,850,956,0
Frame 3732
653,736,850,956,0
Frame 3733
653,736,850,956,0
Frame 3734
653,736,850,956,0
Frame 3735
653,736,850,956,0
Frame 3736
653,736,850,956,0
Frame 3737
653,736,850,956,0
Frame 3738
653,736,850,956,0
Frame 3739
653,736,850,956,0
Frame 3740
653,736,850,956,0
Frame 3741
653,736,850,956,0
Frame 3742
653,736,850,956,0
Frame 3743
653,736,850,956,0
Frame 3744
653,736,850,956,0
Frame 3745
653,736,850,956,0
Frame 3746
653,736,850,956,0
Frame 3787
530,703,656,913,0
Frame 3788
530,703,656,913,0
Frame 3789
530,703,656,913,0
Frame 3790
530,703,656,913,0
Frame 3791
530,703,656,913,0
Frame 3792
530,703,656,913,0
Frame 3793
530,703,656,913,0
Frame 3794
530,703,656,913,0
Frame 3795
530,703,656,913,0
Frame 3796
530,703,656,913,0
Frame 3797
530,703,656,913,0
Frame 3798
530,703,656,913,0
Frame 3799
530,703,656,913,0
Frame 3800
530,703,656,913,0
Frame 3801
530,703,656,913,0
Frame 3802
530,703,656,913,0
Frame 3803
530,703,656,913,0
Frame 3804
530,703,656,913,0
Frame 3805
530,703,656,913,0
Frame 3806
530,703,656,913,0
Frame 3807
530,703,656,913,0
Frame 3808
530,703,656,913,0
Frame 3809
530,703,656,913,0
Frame 3810
530,703,656,913,0
Frame 3811
530,703,656,913,0
Frame 3812
530,703,656,913,0
Frame 3813
530,703,656,913,0
Frame 3814
530,703,656,913,0
Frame 3815
530,703,656,913,0
Frame 3816
530,703,656,913,0
Frame 3817
530,703,656,913,0
Frame 3818
530,703,656,913,0
Frame 3819
530,703,656,913,0
Frame 3820
530,703,656,913,0
Frame 3821
530,703,656,913,0
Frame 3822
530,703,656,913,0
Frame 3823
530,703,656,913,0
Frame 3824
530,703,656,913,0
Frame 3825
530,703,656,913,0
Frame 3826
533,700,640,853,0
Frame 3827
533,700,640,853,0
Frame 3828
533,700,640,853,0
Frame 3829
533,700,640,853,0
Frame 3830
533,700,640,853,0
Frame 3831
533,700,640,853,0
Frame 3832
533,700,640,853,0
Frame 3833
533,700,640,853,0
Frame 3834
533,700,640,853,0
Frame 3835
533,700,640,853,0
Frame 3836
533,700,640,853,0
Frame 3837
533,700,640,853,0
Frame 3838
533,700,640,853,0
Frame 3839
533,700,640,853,0
Frame 3840
533,700,640,853,0
Frame 3841
533,700,640,853,0
Frame 3842
533,700,640,853,0
Frame 3843
533,700,640,853,0
Frame 3844
533,700,640,853,0
Frame 3845
533,700,640,853,0
Frame 3846
533,700,640,853,0
Frame 3847
533,700,640,853,0
Frame 3848
533,700,640,853,0
Frame 3849
533,700,640,853,0
Frame 3850
533,700,640,853,0
Frame 3851
533,700,640,853,0
Frame 3852
533,700,640,853,0
Frame 3853
533,700,640,853,0
Frame 3854
533,700,640,853,0
Frame 3855
533,700,640,853,0
Frame 3856
533,700,640,853,0
Frame 3857
533,700,640,853,0
Frame 3858
533,700,640,853,0
Frame 3859
533,700,640,853,0
Frame 3860
533,700,640,853,0
Frame 3861
533,700,640,853,0
Frame 3862
533,700,640,853,0
Frame 3863
533,700,640,853,0
Frame 3864
533,700,640,853,0
Frame 3865
533,700,640,853,0
Frame 3866
533,700,640,853,0
Frame 3867
533,700,640,853,0
Frame 3868
533,700,640,853,0
Frame 3869
533,700,640,853,0
Frame 3870
533,700,640,853,0
Frame 3871
533,700,640,853,0
Frame 3872
533,700,640,853,0
Frame 3873
533,700,640,853,0
Frame 3874
533,700,640,853,0
Frame 3875
533,700,640,853,0
Frame 3876
533,700,640,853,0
Frame 3877
533,700,640,853,0
Frame 3878
533,700,640,853,0
Frame 3879
533,700,640,853,0
Frame 3880
533,700,640,853,0
Frame 3881
533,700,640,853,0
Frame 3882
533,700,640,853,0
Frame 3883
533,700,640,853,0
Frame 3884
533,700,640,853,0
Frame 3885
533,700,640,853,0
Frame 3886
533,700,640,853,0
Frame 3887
533,700,640,853,0
Frame 3888
533,700,640,853,0
Frame 3889
533,700,640,853,0
Frame 3890
533,700,640,853,0
Frame 3891
533,700,640,853,0
Frame 3892
533,700,640,853,0
Frame 3893
533,700,640,853,0
Frame 3894
533,700,640,853,0
Frame 3895
533,700,640,853,0
Frame 3896
533,700,640,853,0
Frame 3897
533,700,640,853,0
Frame 3898
533,700,640,853,0
Frame 3899
533,700,640,853,0
Frame 3900
533,700,640,853,0
Frame 3901
533,700,640,853,0
Frame 3902
533,700,640,853,0
Frame 3903
533,700,640,853,0
Frame 3949
510,713,660,853,0
Frame 3950
510,713,660,853,0
Frame 3951
510,713,660,853,0
Frame 3952
510,713,660,853,0
Frame 3953
510,713,660,853,0
Frame 3954
510,713,660,853,0
Frame 3955
510,713,660,853,0
Frame 3956
510,713,660,853,0
Frame 3957
510,713,660,853,0
Frame 3958
510,713,660,853,0
Frame 3959
510,713,660,853,0
Frame 3960
510,713,660,853,0
Frame 3961
510,713,660,853,0
Frame 3962
510,713,660,853,0
Frame 3963
510,713,660,853,0
Frame 3964
510,713,660,853,0
Frame 3965
510,713,660,853,0
Frame 3966
510,713,660,853,0
Frame 3967
510,713,660,853,0
Frame 3968
510,713,660,853,0
Frame 3969
510,713,660,853,0
Frame 3970
510,713,660,853,0
Frame 3971
510,713,660,853,0
Frame 3972
506,723,650,890,0
Frame 3973
506,723,650,890,0
Frame 3974
506,723,650,890,0
Frame 3975
506,723,650,890,0
Frame 3976
506,723,650,890,0
Frame 3977
506,723,650,890,0
Frame 3978
506,723,650,890,0
Frame 3979
506,723,650,890,0
Frame 3980
506,723,650,890,0
Frame 3981
506,723,650,890,0
Frame 3982
506,723,650,890,0
Frame 3983
506,723,650,890,0
Frame 3984
506,723,650,890,0
Frame 3985
513,690,650,860,0
Frame 3986
513,690,650,860,0
Frame 3987
513,690,650,860,0
Frame 3988
513,690,650,860,0
Frame 3989
513,690,650,860,0
Frame 3990
513,690,650,860,0
Frame 3991
513,690,650,860,0
Frame 3992
513,690,650,860,0
Frame 3993
513,690,650,860,0
Frame 3994
513,690,650,860,0
Frame 3995
513,690,650,860,0
Frame 3996
513,690,650,860,0
Frame 3997
513,690,650,860,0
Frame 3998
513,690,650,860,0
Frame 3999
513,690,650,860,0
Frame 4000
513,690,650,860,0
Frame 4001
513,690,650,860,0
Frame 4002
513,690,650,860,0
Frame 4003
513,690,650,860,0
Frame 4004
513,690,650,860,0
Frame 4005
513,690,650,860,0
Frame 4006
513,690,650,860,0
Frame 4007
513,690,650,860,0
Frame 4008
513,690,650,860,0
Frame 4009
513,690,650,860,0
Frame 4010
513,690,650,860,0
Frame 4011
513,690,650,860,0
Frame 4012
513,690,650,860,0
Frame 4013
513,690,650,860,0
Frame 4014
513,690,650,860,0
Frame 4015
513,690,650,860,0
Frame 4016
513,690,650,860,0
Frame 4017
513,690,650,860,0
Frame 4018
513,690,650,860,0
Frame 4019
513,690,650,860,0
Frame 4020
500,703,660,850,0
Frame 4021
500,703,660,850,0
Frame 4022
500,703,660,850,0
Frame 4023
500,703,660,850,0
Frame 4024
500,703,660,850,0
Frame 4025
500,703,660,850,0
Frame 4026
500,703,660,850,0
Frame 4027
500,703,660,850,0
Frame 4028
500,703,660,850,0
Frame 4029
500,703,660,850,0
Frame 4030
500,703,660,850,0
Frame 4031
500,703,660,850,0
Frame 4032
500,703,660,850,0
Frame 4033
500,703,660,850,0
Frame 4034
500,703,660,850,0
Frame 4035
500,703,660,850,0
Frame 4036
500,703,660,850,0
Frame 4037
500,703,660,850,0
Frame 4038
500,703,660,850,0
Frame 4039
500,703,660,850,0
Frame 4040
500,703,660,850,0
Frame 4041
500,703,660,850,0
Frame 4042
500,703,660,850,0
Frame 4043
500,703,660,850,0
Frame 4044
500,703,660,850,0
Frame 4045
500,703,660,850,0
Frame 4046
500,703,660,850,0
Frame 4047
500,703,660,850,0
Frame 4048
500,703,660,850,0
Frame 4049
500,703,660,850,0
Frame 4050
500,703,660,850,0
Frame 4051
500,703,660,850,0
Frame 4052
500,703,660,850,0
Frame 4053
500,703,660,850,0
Frame 4054
500,703,660,850,0
Frame 4055
500,703,660,850,0
Frame 4056
500,703,660,850,0
Frame 4057
500,703,660,850,0
Frame 4058
500,703,660,850,0
Frame 4059
500,703,660,850,0
Frame 4060
500,703,660,850,0
Frame 4061
500,703,660,850,0
Frame 4062
500,703,660,850,0
Frame 4063
500,703,660,850,0
Frame 4064
500,703,660,850,0
Frame 4065
500,703,660,850,0
Frame 4066
500,703,660,850,0
Frame 4067
500,703,660,850,0
Frame 4068
500,703,660,850,0
Frame 4069
500,703,660,850,0
Frame 4070
500,703,660,850,0
Frame 4071
496,706,650,1073,0
Frame 4072
496,706,650,1073,0
Frame 4073
496,706,650,1073,0
Frame 4074
496,706,650,1073,0
Frame 4075
496,706,650,1073,0
Frame 4076
496,706,650,1073,0
Frame 4077
496,706,650,1073,0
Frame 4078
496,706,650,1073,0
Frame 4079
496,706,650,1073,0
Frame 4080
496,706,650,1073,0
Frame 4081
496,706,650,1073,0
Frame 4082
496,706,650,1073,0
Frame 4083
496,706,650,1073,0
Frame 4084
496,706,650,1073,0
Frame 4085
496,706,650,1073,0
Frame 4086
496,706,650,1073,0
Frame 4087
496,706,650,1073,0
Frame 4088
496,706,650,1073,0
Frame 4089
496,706,650,1073,0
Frame 4090
496,706,650,1073,0
Frame 4091
496,706,650,1073,0
Frame 4092
496,706,650,1073,0
Frame 4093
496,706,650,1073,0
Frame 4094
496,706,650,1073,0
Frame 4095
496,706,650,1073,0
Frame 4096
496,706,650,1073,0
Frame 4097
496,706,650,1073,0
Frame 4098
496,706,650,1073,0
Frame 4099
496,706,650,1073,0
Frame 4100
496,706,650,1073,0
Frame 4101
496,706,650,1073,0
Frame 4102
496,706,650,1073,0
Frame 4103
496,706,650,1073,0
Frame 4104
496,706,650,1073,0
Frame 4176
453,703,590,1063,0
Frame 4177
453,703,590,1063,0
Frame 4178
453,703,590,1063,0
Frame 4179
453,703,590,1063,0
Frame 4180
453,703,590,1063,0
Frame 4181
453,703,590,1063,0
Frame 4182
453,703,590,1063,0
Frame 4183
453,703,590,1063,0
Frame 4184
453,703,590,1063,0
Frame 4185
453,703,590,1063,0
Frame 4186
453,703,590,1063,0
Frame 4187
453,703,590,1063,0
Frame 4188
453,703,590,1063,0
Frame 4282
600,706,730,1593,0
Frame 4283
600,706,730,1593,0
Frame 4284
600,706,730,1593,0
Frame 4285
600,706,730,1593,0
Frame 4286
600,706,730,1593,0
Frame 4287
600,706,730,1593,0
Frame 4288
583,726,753,1620,0
Frame 4289
583,726,753,1620,0
Frame 4290
583,726,753,1620,0
Frame 4291
583,726,753,1620,0
Frame 4292
583,726,753,1620,0
Frame 4293
583,726,753,1620,0
Frame 4294
583,726,753,1620,0
Frame 4295
583,726,753,1620,0
Frame 4296
583,726,753,1620,0
Frame 4297
583,726,753,1620,0
Frame 4298
583,726,753,1620,0
Frame 4299
583,726,753,1620,0
Frame 4300
583,726,753,1620,0
Frame 4301
583,726,753,1620,0
Frame 4302
583,726,753,1620,0
Frame 4303
583,726,753,1620,0
Frame 4304
583,726,753,1620,0
Frame 4305
593,710,780,1613,0
Frame 4306
593,710,780,1613,0
Frame 4307
593,710,780,1613,0
Frame 4308
593,710,780,1613,0
Frame 4309
593,710,780,1613,0
Frame 4310
593,710,780,1613,0
Frame 4311
593,710,780,1613,0
Frame 4312
593,710,780,1613,0
Frame 4313
593,710,780,1613,0
Frame 4314
593,710,780,1613,0
Frame 4315
593,710,780,1613,0
Frame 4316
593,710,780,1613,0
Frame 4317
593,710,780,1613,0
Frame 4318
593,710,780,1613,0
Frame 4319
593,710,780,1613,0
Frame 4320
593,710,780,1613,0
Frame 4321
593,710,780,1613,0
Frame 4322
593,710,780,1613,0
Frame 4323
593,710,780,1613,0
Frame 4324
593,710,780,1613,0
Frame 4325
593,710,780,1613,0
Frame 4326
593,710,780,1613,0
Frame 4327
593,710,780,1613,0
Frame 4328
593,710,780,1613,0
Frame 4329
593,710,780,1613,0
Frame 4330
593,710,780,1613,0
Frame 4331
593,710,780,1613,0
Frame 4332
563,713,760,1636,0
Frame 4333
563,713,760,1636,0
Frame 4334
563,713,760,1636,0
Frame 4335
563,713,760,1636,0
Frame 4336
563,713,760,1636,0
Frame 4337
563,713,760,1636,0
Frame 4338
563,713,760,1636,0
Frame 4339
563,713,760,1636,0
Frame 4340
563,713,760,1636,0
Frame 4341
563,713,760,1636,0
Frame 4342
563,713,760,1636,0
Frame 4343
563,713,760,1636,0
Frame 4344
563,713,760,1636,0
Frame 4345
563,713,760,1636,0
Frame 4346
563,713,760,1636,0
Frame 4347
563,713,760,1636,0
Frame 4348
563,713,760,1636,0
Frame 4349
563,713,760,1636,0
Frame 4350
563,713,760,1636,0
Frame 4351
563,713,760,1636,0
Frame 4352
563,713,760,1636,0
Frame 4353
550,703,740,1606,0
Frame 4354
550,703,740,1606,0
Frame 4355
550,703,740,1606,0
Frame 4356
550,703,740,1606,0
Frame 4357
550,703,740,1606,0
Frame 4358
550,703,740,1606,0
Frame 4359
550,703,740,1606,0
Frame 4360
550,703,740,1606,0
Frame 4361
550,703,740,1606,0
Frame 4362
550,703,740,1606,0
Frame 4363
550,703,740,1606,0
Frame 4364
550,703,740,1606,0
Frame 4365
550,703,740,1606,0
Frame 4366
550,703,740,1606,0
Frame 4367
550,703,740,1606,0
Frame 4368
550,703,740,1606,0
Frame 4369
550,703,740,1606,0
Frame 4370
550,703,740,1606,0
Frame 4371
550,703,740,1606,0
Frame 4372
550,703,740,1606,0
Frame 4373
550,703,740,1606,0
Frame 4374
550,703,740,1606,0
Frame 4375
550,703,740,1606,0
Frame 4376
550,703,740,1606,0
Frame 4377
550,703,740,1606,0
Frame 4378
550,703,740,1606,0
Frame 4379
556,696,743,1620,0
Frame 4380
556,696,743,1620,0
Frame 4381
556,696,743,1620,0
Frame 4382
556,696,743,1620,0
Frame 4383
556,696,743,1620,0
Frame 4384
556,696,743,1620,0
Frame 4385
556,696,743,1620,0
Frame 4386
556,696,743,1620,0
Frame 4387
556,696,743,1620,0
Frame 4388
556,696,743,1620,0
Frame 4389
556,696,743,1620,0
Frame 4390
556,696,743,1620,0
Frame 4391
556,696,743,1620,0
Frame 4392
556,696,743,1620,0
Frame 4393
556,696,743,1620,0
Frame 4394
556,696,743,1620,0
Frame 4395
556,696,743,1620,0
Frame 4396
556,696,743,1620,0
Frame 4397
556,696,743,1620,0
Frame 4398
523,663,706,1620,0
Frame 4399
523,663,706,1620,0
Frame 4400
523,663,706,1620,0
Frame 4401
523,663,706,1620,0
Frame 4402
523,663,706,1620,0
Frame 4403
523,663,706,1620,0
Frame 4404
523,663,706,1620,0
Frame 4405
523,663,706,1620,0
Frame 4406
523,663,706,1620,0
Frame 4407
523,663,706,1620,0
Frame 4408
523,663,706,1620,0
Frame 4409
523,663,706,1620,0
Frame 4410
523,663,706,1620,0
Frame 4411
523,663,706,1620,0
Frame 4412
523,663,706,1620,0
Frame 4413
523,663,706,1620,0
Frame 4414
523,663,706,1620,0
Frame 4415
523,663,706,1620,0
Frame 4416
523,663,706,1620,0
Frame 4417
523,663,706,1620,0
Frame 4418
500,670,683,1610,0
Frame 4419
500,670,683,1610,0
Frame 4420
500,670,683,1610,0
Frame 4421
500,670,683,1610,0
Frame 4422
500,670,683,1610,0
Frame 4423
500,670,683,1610,0
Frame 4424
500,670,683,1610,0
Frame 4425
500,670,683,1610,0
Frame 4426
500,670,683,1610,0
Frame 4427
500,670,683,1610,0
Frame 4428
500,670,683,1610,0
Frame 4429
500,670,683,1610,0
Frame 4430
500,670,683,1610,0
Frame 4431
500,670,683,1610,0
Frame 4432
500,670,683,1610,0
Frame 4433
500,670,683,1610,0
Frame 4434
500,670,683,1610,0
Frame 4435
500,670,683,1610,0
Frame 4436
500,670,683,1610,0
Frame 4437
500,670,683,1610,0
Frame 4438
500,670,683,1610,0
Frame 4439
500,670,683,1610,0
Frame 4440
500,670,683,1610,0
Frame 4441
500,670,683,1610,0
Frame 4442
500,670,683,1610,0
Frame 4443
476,716,653,1596,0
Frame 4444
476,716,653,1596,0
Frame 4445
476,716,653,1596,0
Frame 4446
476,716,653,1596,0
Frame 4447
476,716,653,1596,0
Frame 4448
476,716,653,1596,0
Frame 4449
476,716,653,1596,0
Frame 4450
476,716,653,1596,0
Frame 4451
476,716,653,1596,0
Frame 4452
476,716,653,1596,0
Frame 4453
476,716,653,1596,0
Frame 4454
476,716,653,1596,0
Frame 4455
476,716,653,1596,0
Frame 4456
476,716,653,1596,0
Frame 4457
433,693,643,1610,0
Frame 4458
433,693,643,1610,0
Frame 4459
433,693,643,1610,0
Frame 4460
433,693,643,1610,0
Frame 4461
433,693,643,1610,0
Frame 4462
433,693,643,1610,0
Frame 4463
433,693,643,1610,0
Frame 4464
433,693,643,1610,0
Frame 4465
433,693,643,1610,0
Frame 4466
433,693,643,1610,0
Frame 4467
433,693,643,1610,0
Frame 4468
433,693,643,1610,0
Frame 4469
433,693,643,1610,0
Frame 4470
433,693,643,1610,0
Frame 4471
433,693,643,1610,0
Frame 4472
433,693,643,1610,0
Frame 4473
433,693,643,1610,0
Frame 4474
433,693,643,1610,0
Frame 4475
433,693,643,1610,0
Frame 4476
433,693,643,1610,0
Frame 4477
433,693,643,1610,0
Frame 4478
433,693,643,1610,0
Frame 4479
433,693,643,1610,0
Frame 4480
433,693,643,1610,0
Frame 4481
433,693,643,1610,0
Frame 4482
433,693,643,1610,0
Frame 4483
433,693,643,1610,0
Frame 4484
433,693,643,1610,0
Frame 4485
433,693,643,1610,0
Frame 4486
433,693,643,1610,0
Frame 4487
433,693,643,1610,0
Frame 4488
433,693,643,1610,0
Frame 4489
433,693,643,1610,0
Frame 4490
433,693,643,1610,0
Frame 4491
433,693,643,1610,0
Frame 4492
433,693,643,1610,0
Frame 4493
433,693,643,1610,0
Frame 4494
433,693,643,1610,0
Frame 4495
433,693,643,1610,0
Frame 4496
433,693,643,1610,0
Frame 4497
433,693,643,1610,0
Frame 4498
433,693,643,1610,0
Frame 4499
433,693,643,1610,0
Frame 4500
433,693,643,1610,0
Frame 4501
433,680,640,1606,0
Frame 4502
433,680,640,1606,0
Frame 4503
433,680,640,1606,0
Frame 4504
433,680,640,1606,0
Frame 4505
433,680,640,1606,0
Frame 4506
433,680,640,1606,0
Frame 4507
433,680,640,1606,0
Frame 4508
433,680,640,1606,0
Frame 4509
433,680,640,1606,0
Frame 4510
433,680,640,1606,0
Frame 4511
433,680,640,1606,0
Frame 4512
433,680,640,1606,0
Frame 4513
433,680,640,1606,0
Frame 4514
433,680,640,1606,0
Frame 4515
433,680,640,1606,0
Frame 4516
433,680,640,1606,0
Frame 4517
433,680,640,1606,0
Frame 4518
433,680,640,1606,0
Frame 4519
433,680,640,1606,0
Frame 4520
433,680,640,1606,0
Frame 4521
433,680,640,1606,0
Frame 4522
433,680,640,1606,0
Frame 4523
433,680,640,1606,0
Frame 4524
433,680,640,1606,0
Frame 4525
433,680,640,1606,0
Frame 4526
433,680,640,1606,0
Frame 4527
433,680,640,1606,0
Frame 4528
433,680,640,1606,0
Frame 4529
433,680,640,1606,0
Frame 4530
433,680,640,1606,0
Frame 4531
433,680,640,1606,0
Frame 4532
433,680,640,1606,0
Frame 4533
433,680,640,1606,0
Frame 4534
433,680,640,1606,0
Frame 4535
433,680,640,1606,0
Frame 4536
433,680,640,1606,0
Frame 4537
433,680,640,1606,0
Frame 4538
433,680,640,1606,0
Frame 4539
433,680,640,1606,0
Frame 4540
433,680,640,1606,0
Frame 4541
433,680,640,1606,0
Frame 4542
433,680,640,1606,0
Frame 4543
433,680,640,1606,0
Frame 4544
433,680,640,1606,0
Frame 4545
433,680,640,1606,0
Frame 4546
433,680,640,1606,0
Frame 4547
433,680,640,1606,0
Frame 4548
433,680,640,1606,0
Frame 4549
433,680,640,1606,0
Frame 4550
433,680,640,1606,0
Frame 4551
433,680,640,1606,0
Frame 4552
433,680,640,1606,0
Frame 4553
433,680,640,1606,0
Frame 4554
433,680,640,1606,0
Frame 4555
433,680,640,1606,0
Frame 4556
433,680,640,1606,0
Frame 4557
433,680,640,1606,0
Frame 4558
433,680,640,1606,0
Frame 4559
433,680,640,1606,0
Frame 4560
433,680,640,1606,0
Frame 4561
433,680,640,1606,0
Frame 4562
433,680,640,1606,0
Frame 4563
433,680,640,1606,0
Frame 4564
433,680,640,1606,0
Frame 4565
433,680,640,1606,0
Frame 4566
433,680,640,1606,0
Frame 4567
433,680,640,1606,0
Frame 4568
433,680,640,1606,0
Frame 4569
433,680,640,1606,0
Frame 4570
433,680,640,1606,0
Frame 4571
433,680,640,1606,0
Frame 4572
433,680,640,1606,0
Frame 4573
433,680,640,1606,0
Frame 4574
433,680,640,1606,0
Frame 4575
433,680,640,1606,0
Frame 4576
433,680,640,1606,0
Frame 4577
433,680,640,1606,0
Frame 4578
433,680,640,1606,0
Frame 4579
433,680,640,1606,0
Frame 4580
433,680,640,1606,0
Frame 4581
433,680,640,1606,0
Frame 4582
433,680,640,1606,0
Frame 4583
433,680,640,1606,0
Frame 4584
433,680,640,1606,0
Frame 4585
433,680,640,1606,0
Frame 4586
433,680,640,1606,0
Frame 4587
433,680,640,1606,0
Frame 4588
433,680,640,1606,0
Frame 4589
433,680,640,1606,0
Frame 4590
433,680,640,1606,0
Frame 4591
433,680,640,1606,0
Frame 4592
433,680,640,1606,0
Frame 4593
433,680,640,1606,0
Frame 4594
433,680,640,1606,0
Frame 4595
433,680,640,1606,0
Frame 4596
433,680,640,1606,0
Frame 4597
433,680,640,1606,0
Frame 4598
433,680,640,1606,0
Frame 4599
433,680,640,1606,0
Frame 4600
433,680,640,1606,0
Frame 4601
433,680,640,1606,0
Frame 4602
433,680,640,1606,0
Frame 4603
433,680,640,1606,0
Frame 4604
433,680,640,1606,0
Frame 4605
433,680,640,1606,0
Frame 4606
433,680,640,1606,0
Frame 4607
433,680,640,1606,0
Frame 4608
433,680,640,1606,0
Frame 4609
433,680,640,1606,0
Frame 4610
433,680,640,1606,0
Frame 4611
433,680,640,1606,0
Frame 4612
433,680,640,1606,0
Frame 4613
433,680,640,1606,0
Frame 4614
433,680,640,1606,0
Frame 4615
433,680,640,1606,0
Frame 4616
433,680,640,1606,0
Frame 4617
433,680,640,1606,0
Frame 4618
433,680,640,1606,0
Frame 4619
433,680,640,1606,0
Frame 4620
433,680,640,1606,0
Frame 4621
433,680,640,1606,0
Frame 4622
433,680,640,1606,0
Frame 4623
433,680,640,1606,0
Frame 4624
433,680,640,1606,0
Frame 4625
433,680,640,1606,0
Frame 4626
433,680,640,1606,0
Frame 4627
433,680,640,1606,0
Frame 4628
433,680,640,1606,0
Frame 4629
433,680,640,1606,0
Frame 4630
433,680,640,1606,0
Frame 4631
433,680,640,1606,0
Frame 4632
433,680,640,1606,0
Frame 4633
433,680,640,1606,0
Frame 4634
433,680,640,1606,0
Frame 4635
433,680,640,1606,0
Frame 4636
433,680,640,1606,0
Frame 4637
433,680,640,1606,0
Frame 4638
433,680,640,1606,0
Frame 4639
433,680,640,1606,0
Frame 4640
433,680,640,1606,0
Frame 4641
433,680,640,1606,0
Frame 4642
433,680,640,1606,0
Frame 4643
433,680,640,1606,0
Frame 4644
433,680,640,1606,0
Frame 4645
433,680,640,1606,0
Frame 4646
433,680,640,1606,0
Frame 4647
433,680,640,1606,0
Frame 4648
433,680,640,1606,0
Frame 4649
433,680,640,1606,0
Frame 4650
433,680,640,1606,0
Frame 4651
433,680,640,1606,0
Frame 4652
433,680,640,1606,0
Frame 4653
433,680,640,1606,0
Frame 4654
433,680,640,1606,0
Frame 4655
433,680,640,1606,0
Frame 4656
433,680,640,1606,0
Frame 4657
433,680,640,1606,0
Frame 4658
433,680,640,1606,0
Frame 4659
433,680,640,1606,0
Frame 4660
433,680,640,1606,0
Frame 4661
433,680,640,1606,0
Frame 4662
433,680,640,1606,0
Frame 4663
433,680,640,1606,0
Frame 4664
433,680,640,1606,0
Frame 4665
433,680,640,1606,0
Frame 4666
433,680,640,1606,0
Frame 4667
433,680,640,1606,0
Frame 4668
433,680,640,1606,0
Frame 4669
433,680,640,1606,0
Frame 4670
433,680,640,1606,0
Frame 4671
433,680,640,1606,0
Frame 4672
433,680,640,1606,0
Frame 4673
433,680,640,1606,0
Frame 4674
433,680,640,1606,0
Frame 4675
433,680,640,1606,0
Frame 4676
433,680,640,1606,0
Frame 4677
433,680,640,1606,0
Frame 4678
433,680,640,1606,0
Frame 4679
433,680,640,1606,0
Frame 4680
433,680,640,1606,0
Frame 4681
433,680,640,1606,0
Frame 4682
433,680,640,1606,0
Frame 4683
433,680,640,1606,0
Frame 4684
433,680,640,1606,0
Frame 4685
433,680,640,1606,0
Frame 4686
433,680,640,1606,0
Frame 4687
433,680,640,1606,0
Frame 4688
433,680,640,1606,0
Frame 4689
433,680,640,1606,0
Frame 4690
433,680,640,1606,0
Frame 4691
433,680,640,1606,0
Frame 4692
433,680,640,1606,0
Frame 4693
433,680,640,1606,0
Frame 4694
433,680,640,1606,0
Frame 4695
433,680,640,1606,0
Frame 4696
433,680,640,1606,0
Frame 4697
433,680,640,1606,0
Frame 4698
433,680,640,1606,0
Frame 4699
433,680,640,1606,0
Frame 4700
433,680,640,1606,0
Frame 4701
433,680,640,1606,0
Frame 4702
433,680,640,1606,0
Frame 4703
433,680,640,1606,0
Frame 4704
433,680,640,1606,0
Frame 4705
433,680,640,1606,0
Frame 4706
433,680,640,1606,0
Frame 4707
433,680,640,1606,0
Frame 4708
433,680,640,1606,0
Frame 4709
433,680,640,1606,0
Frame 4710
433,680,640,1606,0
Frame 4711
433,680,640,1606,0
Frame 4712
433,680,640,1606,0
Frame 4713
433,680,640,1606,0
Frame 4714
433,680,640,1606,0
Frame 4715
433,680,640,1606,0
Frame 4716
433,680,640,1606,0
Frame 4717
433,680,640,1606,0
Frame 4718
433,680,640,1606,0
Frame 4719
433,680,640,1606,0
Frame 4720
433,680,640,1606,0
Frame 4721
433,680,640,1606,0
Frame 4722
433,680,640,1606,0
Frame 4723
433,680,640,1606,0
Frame 4724
433,680,640,1606,0
Frame 4725
433,680,640,1606,0
Frame 4726
433,680,640,1606,0
Frame 4727
433,680,640,1606,0
Frame 4728
503,693,660,1596,0
Frame 4729
503,693,660,1596,0
Frame 4730
503,693,660,1596,0
Frame 4731
503,693,660,1596,0
Frame 4732
503,693,660,1596,0
Frame 4733
503,693,660,1596,0
Frame 4734
503,693,660,1596,0
Frame 4735
483,703,670,1573,0
Frame 4736
483,703,670,1573,0
Frame 4737
483,703,670,1573,0
Frame 4738
483,703,670,1573,0
Frame 4739
483,703,670,1573,0
Frame 4740
483,703,670,1573,0
Frame 4741
483,703,670,1573,0
Frame 4742
483,703,670,1573,0
Frame 4743
483,703,670,1573,0
Frame 4744
483,703,670,1573,0
Frame 4745
483,703,670,1573,0
Frame 4746
483,703,670,1573,0
Frame 4747
483,703,670,1573,0
Frame 4748
483,703,670,1573,0
Frame 4749
483,703,670,1573,0
Frame 4750
483,703,670,1573,0
Frame 4751
483,703,670,1573,0
Frame 4752
483,703,670,1573,0
Frame 4753
483,703,670,1573,0
Frame 4754
483,703,670,1573,0
Frame 4755
483,703,670,1573,0
Frame 4756
483,703,670,1573,0
Frame 4757
483,703,670,1573,0
Frame 4758
483,703,670,1573,0
Frame 4759
483,703,670,1573,0
Frame 4760
483,703,670,1573,0
Frame 4761
483,703,670,1573,0
Frame 4762
483,703,670,1573,0
Frame 4763
483,703,670,1573,0
Frame 4764
483,703,670,1573,0
Frame 4765
483,703,670,1573,0
Frame 4766
483,703,670,1573,0
Frame 4767
483,703,670,1573,0
Frame 4768
483,703,670,1573,0
Frame 4769
483,703,670,1573,0
Frame 4770
483,703,670,1573,0
Frame 4771
483,703,670,1573,0
Frame 4772
483,703,670,1573,0
Frame 4773
483,703,670,1573,0
Frame 4774
483,703,670,1573,0
Frame 4775
483,703,670,1573,0
Frame 4776
483,703,670,1573,0
Frame 4777
483,703,670,1573,0
Frame 4778
483,703,670,1573,0
Frame 4779
483,703,670,1573,0
Frame 4780
483,703,670,1573,0
Frame 4781
483,703,670,1573,0
Frame 4782
483,703,670,1573,0
Frame 4783
483,703,670,1573,0
Frame 4784
483,703,670,1573,0
Frame 4785
483,703,670,1573,0
Frame 4786
483,703,670,1573,0
Frame 4787
483,703,670,1573,0
Frame 4788
483,703,670,1573,0
Frame 4789
483,703,670,1573,0
Frame 4790
483,703,670,1573,0
Frame 4791
483,703,670,1573,0
Frame 4792
483,703,670,1573,0
Frame 4793
483,703,670,1573,0
Frame 4794
483,703,670,1573,0
Frame 4795
483,703,670,1573,0
Frame 4796
483,703,670,1573,0
Frame 4797
483,703,670,1573,0
Frame 4798
483,703,670,1573,0
Frame 4799
483,703,670,1573,0
Frame 4800
483,703,670,1573,0
Frame 4801
483,703,670,1573,0
Frame 4802
483,703,670,1573,0
Frame 4803
483,703,670,1573,0
Frame 4804
483,703,670,1573,0
Frame 4805
483,703,670,1573,0
Frame 4806
483,703,670,1573,0
Frame 4807
483,703,670,1573,0
Frame 4808
483,703,670,1573,0
Frame 4809
483,703,670,1573,0
Frame 4810
483,703,670,1573,0
Frame 4811
483,703,670,1573,0
Frame 4812
483,703,670,1573,0
Frame 4813
483,703,670,1573,0
Frame 4814
483,703,670,1573,0
Frame 4815
483,703,670,1573,0
Frame 4816
483,703,670,1573,0
Frame 4817
483,703,670,1573,0
Frame 4818
483,703,670,1573,0
Frame 4819
483,703,670,1573,0
Frame 4820
483,703,670,1573,0
Frame 4821
483,703,670,1573,0
Frame 4822
483,703,670,1573,0
Frame 4823
483,703,670,1573,0
Frame 4824
483,703,670,1573,0
Frame 4825
483,703,670,1573,0
Frame 4826
483,703,670,1573,0
Frame 4827
483,703,670,1573,0
Frame 4828
483,703,670,1573,0
Frame 4829
483,703,670,1573,0
Frame 4830
483,703,670,1573,0
Frame 4831
483,703,670,1573,0
Frame 4832
483,703,670,1573,0
Frame 4833
483,703,670,1573,0
Frame 4834
483,703,670,1573,0
Frame 4835
483,703,670,1573,0
Frame 4836
483,703,670,1573,0
Frame 4837
483,703,670,1573,0
Frame 4838
483,703,670,1573,0
Frame 4839
483,703,670,1573,0
Frame 4840
483,703,670,1573,0
Frame 4841
483,703,670,1573,0
Frame 4842
483,703,670,1573,0
Frame 4843
483,703,670,1573,0
Frame 4844
483,703,670,1573,0
Frame 4845
483,703,670,1573,0
Frame 4846
483,703,670,1573,0
Frame 4847
483,703,670,1573,0
Frame 4848
483,703,670,1573,0
Frame 4849
483,703,670,1573,0
Frame 4850
476,686,650,1580,0
Frame 4851
476,686,650,1580,0
Frame 4852
476,686,650,1580,0
Frame 4853
476,686,650,1580,0
Frame 4854
476,686,650,1580,0
Frame 4855
476,686,650,1580,0
Frame 4856
476,686,650,1580,0
Frame 4857
476,686,650,1580,0
Frame 4858
476,686,650,1580,0
Frame 4859
476,686,650,1580,0
Frame 4860
476,686,650,1580,0
Frame 4861
476,686,650,1580,0
Frame 4862
476,686,650,1580,0
Frame 4863
476,686,650,1580,0
Frame 4864
476,686,650,1580,0
Frame 4865
476,686,650,1580,0
Frame 4866
476,686,650,1580,0
Frame 4867
476,686,650,1580,0
Frame 4868
476,686,650,1580,0
Frame 4869
476,686,650,1580,0
Frame 4870
476,686,650,1580,0
Frame 4871
476,686,650,1580,0
Frame 4872
476,686,650,1580,0
Frame 4873
476,686,650,1580,0
Frame 4874
516,706,693,1660,0
Frame 4875
516,706,693,1660,0
Frame 4876
516,706,693,1660,0
Frame 4877
516,706,693,1660,0
Frame 4878
516,706,693,1660,0
Frame 4879
516,706,693,1660,0
Frame 4880
516,706,693,1660,0
Frame 4881
516,706,693,1660,0
Frame 4882
516,706,693,1660,0
Frame 4883
516,706,693,1660,0
Frame 4884
516,706,693,1660,0
Frame 4885
516,706,693,1660,0
Frame 4886
516,706,693,1660,0
Frame 4887
516,706,693,1660,0
Frame 4888
516,706,693,1660,0
Frame 4889
516,706,693,1660,0
Frame 4890
516,706,693,1660,0
Frame 4891
516,706,693,1660,0
Frame 4892
516,706,693,1660,0
Frame 4893
516,706,693,1660,0
Frame 4894
516,706,693,1660,0
Frame 4895
516,706,693,1660,0
Frame 4896
516,706,693,1660,0
Frame 4897
516,706,693,1660,0
Frame 4898
516,706,693,1660,0
Frame 4899
516,706,693,1660,0
Frame 4900
516,706,693,1660,0
Frame 4901
516,706,693,1660,0
Frame 4902
516,706,693,1660,0
Frame 4903
516,706,693,1660,0
Frame 4904
516,706,693,1660,0
Frame 4905
516,706,693,1660,0
Frame 4906
516,706,693,1660,0
Frame 4907
516,706,693,1660,0
Frame 4908
516,706,693,1660,0
Frame 4909
516,706,693,1660,0
Frame 4910
516,706,693,1660,0
Frame 4911
516,706,693,1660,0
Frame 4912
516,706,693,1660,0
Frame 4913
516,706,693,1660,0
Frame 4914
516,706,693,1660,0
Frame 4915
516,706,693,1660,0
Frame 4916
516,706,693,1660,0
Frame 4917
516,706,693,1660,0
Frame 4918
516,706,693,1660,0
Frame 4919
516,706,693,1660,0
Frame 4920
516,706,693,1660,0
Frame 4921
516,706,693,1660,0
Frame 4922
516,706,693,1660,0
Frame 4923
516,706,693,1660,0
Frame 4924
516,706,693,1660,0
Frame 4925
516,706,693,1660,0
Frame 4926
516,706,693,1660,0
Frame 4927
516,706,693,1660,0
Frame 4928
516,706,693,1660,0
Frame 4929
516,706,693,1660,0
Frame 4930
516,706,693,1660,0
Frame 4931
516,706,693,1660,0
Frame 4932
516,706,693,1660,0
Frame 4933
516,706,693,1660,0
Frame 4934
516,706,693,1660,0
Frame 4935
516,706,693,1660,0
Frame 4936
516,706,693,1660,0
Frame 4937
516,706,693,1660,0
Frame 4938
516,706,693,1660,0
Frame 4939
516,706,693,1660,0
Frame 4940
516,706,693,1660,0
Frame 4941
516,706,693,1660,0
Frame 4942
516,706,693,1660,0
Frame 4943
516,706,693,1660,0
Frame 4944
516,706,693,1660,0
Frame 4945
516,706,693,1660,0
Frame 4946
516,706,693,1660,0
Frame 4947
516,706,693,1660,0
Frame 4948
516,706,693,1660,0
Frame 4949
516,706,693,1660,0
Frame 4950
516,706,693,1660,0
Frame 4951
516,706,693,1660,0
Frame 4952
516,706,693,1660,0
Frame 4953
516,706,693,1660,0
Frame 4954
516,706,693,1660,0
Frame 4955
516,706,693,1660,0
Frame 4956
516,706,693,1660,0
Frame 4957
516,706,693,1660,0
Frame 4958
516,706,693,1660,0
Frame 4959
516,706,693,1660,0
Frame 4960
516,706,693,1660,0
Frame 4961
516,706,693,1660,0
Frame 4962
516,706,693,1660,0
Frame 4963
516,706,693,1660,0
Frame 4964
516,706,693,1660,0
Frame 4965
516,706,693,1660,0
Frame 4966
516,706,693,1660,0
Frame 4967
516,706,693,1660,0
Frame 4968
516,706,693,1660,0
Frame 4969
516,706,693,1660,0
Frame 4970
516,706,693,1660,0
Frame 4971
516,706,693,1660,0
Frame 4972
516,706,693,1660,0
Frame 4973
516,706,693,1660,0
Frame 4974
516,706,693,1660,0
Frame 4975
516,706,693,1660,0
Frame 4976
516,706,693,1660,0
Frame 4977
516,706,693,1660,0
Frame 4978
516,706,693,1660,0
Frame 4979
516,706,693,1660,0
Frame 4980
516,706,693,1660,0
Frame 4981
516,706,693,1660,0
Frame 4982
516,706,693,1660,0
Frame 4983
516,706,693,1660,0
Frame 4984
516,706,693,1660,0
Frame 4985
516,706,693,1660,0
Frame 4986
516,706,693,1660,0
Frame 4987
516,706,693,1660,0
Frame 4988
516,706,693,1660,0
Frame 4989
516,706,693,1660,0
Frame 4990
516,706,693,1660,0
Frame 4991
516,706,693,1660,0
Frame 4992
516,706,693,1660,0
Frame 4993
516,706,693,1660,0
Frame 4994
516,706,693,1660,0
Frame 4995
516,706,693,1660,0
Frame 4996
516,706,693,1660,0
Frame 4997
516,706,693,1660,0
Frame 4998
516,706,693,1660,0
Frame 4999
516,706,693,1660,0
Frame 5000
516,706,693,1660,0
Frame 5001
516,706,693,1660,0
Frame 5002
516,706,693,1660,0
Frame 5003
516,706,693,1660,0
Frame 5004
516,706,693,1660,0
Frame 5005
516,706,693,1660,0
Frame 5006
516,706,693,1660,0
Frame 5007
516,706,693,1660,0
Frame 5008
516,706,693,1660,0
Frame 5009
516,706,693,1660,0
Frame 5010
516,706,693,1660,0
Frame 5011
516,706,693,1660,0
Frame 5012
516,706,693,1660,0
Frame 5013
516,706,693,1660,0
Frame 5014
516,706,693,1660,0
Frame 5015
516,706,693,1660,0
Frame 5016
516,706,693,1660,0
Frame 5017
516,706,693,1660,0
Frame 5018
516,706,693,1660,0
Frame 5019
516,706,693,1660,0
Frame 5020
516,706,693,1660,0
Frame 5021
516,706,693,1660,0
Frame 5022
516,706,693,1660,0
Frame 5023
516,706,693,1660,0
Frame 5024
516,706,693,1660,0
Frame 5025
516,706,693,1660,0
Frame 5026
516,706,693,1660,0
Frame 5027
516,706,693,1660,0
Frame 5028
516,706,693,1660,0
Frame 5029
516,706,693,1660,0
Frame 5030
516,706,693,1660,0
Frame 5031
516,706,693,1660,0
Frame 5032
516,706,693,1660,0
Frame 5033
516,706,693,1660,0
Frame 5034
516,706,693,1660,0
Frame 5035
516,706,693,1660,0
Frame 5036
516,706,693,1660,0
Frame 5037
516,706,693,1660,0
Frame 5038
516,706,693,1660,0
Frame 5039
516,706,693,1660,0
Frame 5040
516,706,693,1660,0
Frame 5041
516,706,693,1660,0
Frame 5042
516,706,693,1660,0
Frame 5043
516,706,693,1660,0
Frame 5044
516,706,693,1660,0
Frame 5045
516,706,693,1660,0
Frame 5046
516,706,693,1660,0
Frame 5047
516,706,693,1660,0
Frame 5048
516,706,693,1660,0
Frame 5049
516,706,693,1660,0
Frame 5050
516,706,693,1660,0
Frame 5051
516,706,693,1660,0
Frame 5052
516,706,693,1660,0
Frame 5053
516,706,693,1660,0
Frame 5054
516,706,693,1660,0
Frame 5055
516,706,693,1660,0
Frame 5056
516,706,693,1660,0
Frame 5057
516,706,693,1660,0
Frame 5058
516,706,693,1660,0
Frame 5059
516,706,693,1660,0
Frame 5060
516,706,693,1660,0
Frame 5061
516,706,693,1660,0
Frame 5062
516,706,693,1660,0
Frame 5063
516,706,693,1660,0
Frame 5064
516,706,693,1660,0
Frame 5065
516,706,693,1660,0
Frame 5066
516,706,693,1660,0
Frame 5067
516,706,693,1660,0
Frame 5068
516,706,693,1660,0
Frame 5069
516,706,693,1660,0
Frame 5070
516,706,693,1660,0
Frame 5071
516,706,693,1660,0
Frame 5072
516,706,693,1660,0
Frame 5073
516,706,693,1660,0
Frame 5074
516,706,693,1660,0
Frame 5075
516,706,693,1660,0
Frame 5076
516,706,693,1660,0
Frame 5077
516,706,693,1660,0
Frame 5078
516,706,693,1660,0
Frame 5079
516,706,693,1660,0
Frame 5080
516,706,693,1660,0
Frame 5081
516,706,693,1660,0
Frame 5082
516,706,693,1660,0
Frame 5083
516,706,693,1660,0
Frame 5084
516,706,693,1660,0
Frame 5085
516,706,693,1660,0
Frame 5086
503,703,686,1650,0
Frame 5087
503,703,686,1650,0
Frame 5088
503,703,686,1650,0
Frame 5089
503,703,686,1650,0
Frame 5090
503,703,686,1650,0
Frame 5091
503,703,686,1650,0
Frame 5092
503,703,686,1650,0
Frame 5093
503,703,686,1650,0
Frame 5094
503,703,686,1650,0
Frame 5095
503,703,686,1650,0
Frame 5096
503,703,686,1650,0
Frame 5097
503,703,686,1650,0
Frame 5098
503,703,686,1650,0
Frame 5099
503,703,686,1650,0
Frame 5100
503,703,686,1650,0
Frame 5101
503,703,686,1650,0
Frame 5102
503,703,686,1650,0
Frame 5103
503,703,686,1650,0
Frame 5104
503,703,686,1650,0
Frame 5105
503,703,686,1650,0
Frame 5106
503,703,686,1650,0
Frame 5107
503,703,686,1650,0
Frame 5108
503,703,686,1650,0
Frame 5109
503,703,686,1650,0
Frame 5110
503,703,686,1650,0
Frame 5111
503,703,686,1650,0
Frame 5112
503,703,686,1650,0
Frame 5113
503,703,686,1650,0
Frame 5114
503,703,686,1650,0
Frame 5115
503,703,686,1650,0
Frame 5116
503,703,686,1650,0
Frame 5117
503,703,686,1650,0
Frame 5118
503,703,686,1650,0
Frame 5119
503,703,686,1650,0
Frame 5120
503,703,686,1650,0
Frame 5121
503,703,686,1650,0
Frame 5122
503,703,686,1650,0
Frame 5123
503,703,686,1650,0
Frame 5124
503,703,686,1650,0
Frame 5125
503,703,686,1650,0
Frame 5126
503,703,686,1650,0
Frame 5127
503,703,686,1650,0
Frame 5128
503,703,686,1650,0
Frame 5129
503,703,686,1650,0
Frame 5130
503,703,686,1650,0
Frame 5131
503,703,686,1650,0
Frame 5132
503,703,686,1650,0
Frame 5133
503,703,686,1650,0
Frame 5134
503,703,686,1650,0
Frame 5135
503,703,686,1650,0
Frame 5136
503,703,686,1650,0
Frame 5137
503,703,686,1650,0
Frame 5138
503,703,686,1650,0
Frame 5139
503,703,686,1650,0
Frame 5140
503,703,686,1650,0
Frame 5141
503,703,686,1650,0
Frame 5142
503,703,686,1650,0
Frame 5143
503,703,686,1650,0
Frame 5144
503,703,686,1650,0
Frame 5145
503,703,686,1650,0
Frame 5146
503,703,686,1650,0
Frame 5147
503,703,686,1650,0
Frame 5148
503,703,686,1650,0
Frame 5149
503,703,686,1650,0
Frame 5150
503,703,686,1650,0
Frame 5151
503,703,686,1650,0
Frame 5152
503,703,686,1650,0
Frame 5153
503,703,686,1650,0
Frame 5154
503,703,686,1650,0
Frame 5155
503,703,686,1650,0
Frame 5156
503,703,686,1650,0
Frame 5157
503,703,686,1650,0
Frame 5158
503,703,686,1650,0
Frame 5159
503,703,686,1650,0
Frame 5160
503,703,686,1650,0
Frame 5161
503,703,686,1650,0
Frame 5162
503,703,686,1650,0
Frame 5163
503,703,686,1650,0
Frame 5164
503,703,686,1650,0
Frame 5165
503,703,686,1650,0
Frame 5166
503,703,686,1650,0
Frame 5167
503,703,686,1650,0
Frame 5168
503,703,686,1650,0
Frame 5169
503,703,686,1650,0
Frame 5170
503,703,686,1650,0
Frame 5171
503,703,686,1650,0
Frame 5172
503,703,686,1650,0
Frame 5173
503,703,686,1650,0
Frame 5174
503,703,686,1650,0
Frame 5175
503,703,686,1650,0
Frame 5176
503,703,686,1650,0
Frame 5177
503,703,686,1650,0
Frame 5178
503,703,686,1650,0
Frame 5179
503,703,686,1650,0
Frame 5180
503,703,686,1650,0
Frame 5181
503,703,686,1650,0
Frame 5182
503,703,686,1650,0
Frame 5183
503,703,686,1650,0
Frame 5184
503,703,686,1650,0
Frame 5185
503,703,686,1650,0
Frame 5186
503,703,686,1650,0
Frame 5187
503,703,686,1650,0
Frame 5188
503,703,686,1650,0
Frame 5189
503,703,686,1650,0
Frame 5190
503,703,686,1650,0
Frame 5191
503,703,686,1650,0
Frame 5192
503,703,686,1650,0
Frame 5193
503,703,686,1650,0
Frame 5194
503,703,686,1650,0
Frame 5195
503,703,686,1650,0
Frame 5196
503,703,686,1650,0
Frame 5197
503,703,686,1650,0
Frame 5198
503,703,686,1650,0
Frame 5199
503,703,686,1650,0
Frame 5200
503,703,686,1650,0
Frame 5201
503,703,686,1650,0
Frame 5202
503,703,686,1650,0
Frame 5203
503,703,686,1650,0
Frame 5204
503,703,686,1650,0
Frame 5205
503,703,686,1650,0
Frame 5206
503,703,686,1650,0
Frame 5207
503,703,686,1650,0
Frame 5208
503,703,686,1650,0
Frame 5209
503,703,686,1650,0
Frame 5210
503,703,686,1650,0
Frame 5211
503,703,686,1650,0
Frame 5212
503,703,686,1650,0
Frame 5213
503,703,686,1650,0
Frame 5214
503,703,686,1650,0
Frame 5215
503,703,686,1650,0
Frame 5216
503,703,686,1650,0
Frame 5217
503,703,686,1650,0
Frame 5218
503,703,686,1650,0
Frame 5219
503,703,686,1650,0
Frame 5220
503,703,686,1650,0
Frame 5221
503,703,686,1650,0
Frame 5222
503,703,686,1650,0
Frame 5223
503,703,686,1650,0
Frame 5224
503,703,686,1650,0
Frame 5225
503,703,686,1650,0
Frame 5226
503,703,686,1650,0
Frame 5227
503,703,686,1650,0
Frame 5228
503,703,686,1650,0
Frame 5229
503,703,686,1650,0
Frame 5230
503,703,686,1650,0
Frame 5231
503,703,686,1650,0
Frame 5232
503,703,686,1650,0
Frame 5233
503,703,686,1650,0
Frame 5234
503,703,686,1650,0
Frame 5235
503,703,686,1650,0
