Frame 125
10,493,66,766,2
Frame 126
10,493,66,766,2
Frame 127
10,493,66,766,2
Frame 128
10,496,90,806,2
Frame 129
10,496,90,806,2
Frame 130
10,496,90,806,2
Frame 131
10,496,90,806,2
Frame 132
10,496,90,806,2
Frame 133
10,496,90,806,2
Frame 134
13,513,150,876,2
Frame 135
13,513,150,876,2
Frame 136
13,513,150,876,2
Frame 137
13,513,150,876,2
Frame 138
13,513,150,876,2
Frame 139
13,513,150,876,2
Frame 140
13,513,150,876,2
Frame 141
13,513,150,876,2
Frame 142
13,513,150,876,2
Frame 143
13,513,150,876,2
Frame 144
13,513,150,876,2
Frame 145
13,513,150,876,2
Frame 146
13,513,150,876,2
Frame 147
13,513,150,876,2
Frame 148
13,513,150,876,2
Frame 149
13,513,150,876,2
Frame 150
13,513,150,876,2
Frame 151
13,513,150,876,2
Frame 152
13,513,150,876,2
Frame 153
13,513,150,876,2
Frame 154
13,513,150,876,2
Frame 155
13,513,150,876,2
Frame 156
13,513,150,876,2
Frame 157
13,513,150,876,2
Frame 158
13,513,150,876,2
Frame 159
30,483,150,846,2
Frame 160
30,483,150,846,2
Frame 161
30,483,150,846,2
Frame 162
30,483,150,846,2
Frame 163
30,483,150,846,2
Frame 164
30,483,150,846,2
Frame 165
30,483,150,846,2
Frame 166
30,483,150,846,2
Frame 167
30,483,150,846,2
Frame 168
30,483,150,846,2
Frame 169
30,483,150,846,2
Frame 170
30,483,150,846,2
Frame 171
30,483,150,846,2
Frame 172
30,483,150,846,2
Frame 173
30,483,150,846,2
Frame 174
30,483,150,846,2
Frame 175
30,483,150,846,2
Frame 176
30,483,150,846,2
Frame 177
30,483,150,846,2
Frame 178
30,483,150,846,2
Frame 179
30,483,150,846,2
Frame 180
30,483,150,846,2
Frame 181
30,483,150,846,2
Frame 182
20,530,146,880,2
Frame 183
20,530,146,880,2
Frame 184
20,530,146,880,2
Frame 185
20,530,146,880,2
Frame 186
20,530,146,880,2
Frame 187
20,530,146,880,2
Frame 188
20,530,146,880,2
Frame 189
20,530,146,880,2
Frame 190
20,530,146,880,2
Frame 191
20,530,146,880,2
Frame 192
20,530,146,880,2
Frame 193
20,530,146,880,2
Frame 194
20,530,146,880,2
Frame 195
20,530,146,880,2
Frame 196
20,530,146,880,2
Frame 197
20,530,146,880,2
Frame 198
20,530,146,880,2
Frame 199
20,530,146,880,2
Frame 200
20,530,146,880,2
Frame 201
20,530,146,880,2
Frame 202
20,530,146,880,2
Frame 203
20,530,146,880,2
Frame 204
20,530,146,880,2
Frame 205
20,530,146,880,2
Frame 206
20,530,146,880,2
Frame 207
20,530,146,880,2
Frame 208
20,530,146,880,2
Frame 209
20,530,146,880,2
Frame 210
20,530,146,880,2
Frame 211
20,530,146,880,2
Frame 212
20,530,146,880,2
Frame 213
20,530,146,880,2
Frame 214
20,530,146,880,2
Frame 215
20,530,146,880,2
Frame 216
20,530,146,880,2
Frame 217
20,530,146,880,2
Frame 218
20,530,146,880,2
Frame 219
20,530,146,880,2
Frame 220
20,530,146,880,2
Frame 221
20,530,146,880,2
Frame 222
20,530,146,880,2
Frame 223
20,530,146,880,2
Frame 224
20,530,146,880,2
Frame 225
20,530,146,880,2
Frame 226
20,530,146,880,2
Frame 227
20,530,146,880,2
Frame 228
20,530,146,880,2
Frame 229
20,530,146,880,2
Frame 230
20,530,146,880,2
Frame 231
20,530,146,880,2
Frame 232
20,530,146,880,2
Frame 233
20,530,146,880,2
Frame 234
20,530,146,880,2
Frame 235
20,530,146,880,2
Frame 236
20,530,146,880,2
Frame 237
20,530,146,880,2
Frame 238
20,530,146,880,2
Frame 239
20,530,146,880,2
Frame 240
20,530,146,880,2
Frame 241
20,530,146,880,2
Frame 242
20,530,146,880,2
Frame 243
20,530,146,880,2
Frame 244
20,530,146,880,2
Frame 245
20,530,146,880,2
Frame 246
20,530,146,880,2
Frame 247
20,530,146,880,2
Frame 248
20,530,146,880,2
Frame 249
20,530,146,880,2
Frame 250
20,530,146,880,2
Frame 251
20,530,146,880,2
Frame 252
20,530,146,880,2
Frame 253
20,530,146,880,2
Frame 254
20,530,146,880,2
Frame 255
20,530,146,880,2
Frame 256
20,530,146,880,2
Frame 257
20,530,146,880,2
Frame 258
20,530,146,880,2
Frame 259
20,530,146,880,2
Frame 260
20,530,146,880,2
Frame 261
20,530,146,880,2
Frame 262
20,530,146,880,2
Frame 263
20,530,146,880,2
Frame 264
20,530,146,880,2
Frame 265
20,530,146,880,2
Frame 266
20,530,146,880,2
Frame 267
20,530,146,880,2
Frame 268
20,530,146,880,2
Frame 269
20,530,146,880,2
Frame 270
20,530,146,880,2
Frame 271
20,530,146,880,2
Frame 272
20,530,146,880,2
Frame 273
20,530,146,880,2
Frame 274
20,530,146,880,2
Frame 275
20,530,146,880,2
Frame 276
20,530,146,880,2
Frame 277
20,530,146,880,2
Frame 278
20,530,146,880,2
Frame 279
20,530,146,880,2
Frame 280
20,530,146,880,2
Frame 281
20,530,146,880,2
Frame 282
20,530,146,880,2
Frame 283
20,530,146,880,2
Frame 284
20,530,146,880,2
Frame 285
20,530,146,880,2
Frame 286
20,530,146,880,2
Frame 287
20,530,146,880,2
Frame 288
20,530,146,880,2
Frame 289
20,530,146,880,2
Frame 290
20,530,146,880,2
Frame 291
20,530,146,880,2
Frame 292
20,530,146,880,2
Frame 293
20,530,146,880,2
Frame 294
20,530,146,880,2
Frame 295
20,530,146,880,2
Frame 296
20,530,146,880,2
Frame 297
20,530,146,880,2
Frame 298
20,530,146,880,2
Frame 299
20,530,146,880,2
Frame 300
20,530,146,880,2
Frame 301
20,530,146,880,2
Frame 302
20,530,146,880,2
Frame 303
20,530,146,880,2
Frame 304
20,530,146,880,2
Frame 305
20,530,146,880,2
Frame 306
20,530,146,880,2
Frame 307
20,530,146,880,2
Frame 308
20,530,146,880,2
Frame 309
20,530,146,880,2
Frame 310
20,530,146,880,2
Frame 311
20,530,146,880,2
Frame 312
20,530,146,880,2
Frame 313
20,530,146,880,2
Frame 314
20,530,146,880,2
Frame 315
20,530,146,880,2
Frame 316
20,530,146,880,2
Frame 317
20,530,146,880,2
Frame 318
20,530,146,880,2
Frame 319
20,530,146,880,2
Frame 320
20,530,146,880,2
Frame 321
20,530,146,880,2
Frame 322
20,530,146,880,2
Frame 323
20,530,146,880,2
Frame 324
20,530,146,880,2
Frame 325
20,530,146,880,2
Frame 326
20,530,146,880,2
Frame 327
20,530,146,880,2
Frame 328
20,530,146,880,2
Frame 329
20,530,146,880,2
Frame 330
20,530,146,880,2
Frame 331
20,530,146,880,2
Frame 332
20,530,146,880,2
Frame 333
20,530,146,880,2
Frame 334
20,530,146,880,2
Frame 335
20,530,146,880,2
Frame 336
20,530,146,880,2
Frame 337
20,530,146,880,2
Frame 338
20,530,146,880,2
Frame 339
20,530,146,880,2
Frame 340
20,530,146,880,2
Frame 341
20,530,146,880,2
Frame 342
20,530,146,880,2
Frame 343
20,530,146,880,2
Frame 344
20,530,146,880,2
Frame 345
20,530,146,880,2
Frame 346
20,530,146,880,2
Frame 347
20,530,146,880,2
Frame 348
20,530,146,880,2
Frame 349
20,530,146,880,2
Frame 350
20,530,146,880,2
Frame 351
20,530,146,880,2
Frame 352
20,530,146,880,2
Frame 353
20,530,146,880,2
Frame 354
20,530,146,880,2
Frame 355
20,530,146,880,2
Frame 356
20,530,146,880,2
Frame 357
20,530,146,880,2
Frame 358
20,530,146,880,2
Frame 359
20,530,146,880,2
Frame 360
20,530,146,880,2
Frame 361
20,530,146,880,2
Frame 362
20,530,146,880,2
Frame 363
20,530,146,880,2
Frame 364
20,530,146,880,2
Frame 365
20,530,146,880,2
Frame 366
20,530,146,880,2
Frame 367
20,530,146,880,2
Frame 368
20,530,146,880,2
Frame 369
20,530,146,880,2
Frame 370
20,530,146,880,2
Frame 371
20,530,146,880,2
Frame 372
20,530,146,880,2
Frame 373
20,530,146,880,2
Frame 374
20,530,146,880,2
Frame 375
20,530,146,880,2
Frame 376
20,530,146,880,2
Frame 377
20,530,146,880,2
Frame 378
20,530,146,880,2
Frame 379
20,530,146,880,2
Frame 380
20,530,146,880,2
Frame 381
20,530,146,880,2
Frame 382
20,530,146,880,2
Frame 383
20,530,146,880,2
Frame 384
20,530,146,880,2
Frame 385
20,530,146,880,2
Frame 386
20,530,146,880,2
Frame 387
20,530,146,880,2
Frame 388
20,530,146,880,2
Frame 389
20,530,146,880,2
Frame 390
20,530,146,880,2
Frame 391
20,530,146,880,2
Frame 392
20,530,146,880,2
Frame 393
20,530,146,880,2
Frame 394
20,530,146,880,2
Frame 395
20,530,146,880,2
Frame 396
20,530,146,880,2
Frame 397
20,530,146,880,2
Frame 398
20,530,146,880,2
Frame 399
20,530,146,880,2
Frame 400
20,530,146,880,2
Frame 401
20,530,146,880,2
Frame 402
20,530,146,880,2
Frame 403
20,530,146,880,2
Frame 404
20,530,146,880,2
Frame 405
20,530,146,880,2
Frame 406
20,530,146,880,2
Frame 407
20,530,146,880,2
Frame 408
20,530,146,880,2
Frame 409
20,530,146,880,2
Frame 410
20,530,146,880,2
Frame 411
20,530,146,880,2
Frame 412
20,530,146,880,2
Frame 413
20,530,146,880,2
Frame 414
20,530,146,880,2
Frame 415
20,530,146,880,2
Frame 416
20,530,146,880,2
Frame 417
20,530,146,880,2
Frame 418
20,530,146,880,2
Frame 419
20,530,146,880,2
Frame 420
20,530,146,880,2
Frame 421
20,530,146,880,2
Frame 422
20,530,146,880,2
Frame 425
10,566,113,676,2
Frame 426
10,566,113,676,2
Frame 427
10,566,113,676,2
Frame 428
10,566,113,676,2
Frame 429
10,566,113,676,2
Frame 430
10,566,113,676,2
Frame 431
10,566,113,676,2
Frame 432
10,566,113,676,2
Frame 433
10,566,113,676,2
Frame 434
10,566,113,676,2
Frame 477
16,560,113,780,2
Frame 478
16,560,113,780,2
Frame 479
16,560,113,780,2
Frame 480
16,560,113,780,2
Frame 481
16,560,113,780,2
Frame 482
16,560,113,780,2
Frame 483
16,560,113,780,2
Frame 484
16,560,113,780,2
Frame 485
16,560,113,780,2
Frame 486
16,560,113,780,2
Frame 487
16,560,113,780,2
Frame 488
16,560,113,780,2
Frame 489
16,560,113,780,2
Frame 490
16,560,113,780,2
Frame 491
16,560,113,780,2
Frame 492
16,560,113,780,2
Frame 493
16,560,113,780,2
Frame 494
16,560,113,780,2
Frame 495
16,560,113,780,2
Frame 496
16,560,113,780,2
Frame 497
16,560,113,780,2
Frame 498
16,560,113,780,2
Frame 499
16,560,113,780,2
Frame 500
16,560,113,780,2
Frame 501
16,560,113,780,2
Frame 502
16,560,113,780,2
Frame 503
16,560,113,780,2
Frame 504
16,560,113,780,2
Frame 505
16,560,113,780,2
Frame 506
16,560,113,780,2
Frame 507
16,560,113,780,2
Frame 508
16,560,113,780,2
Frame 509
16,560,113,780,2
Frame 510
16,560,113,780,2
Frame 511
16,560,113,780,2
Frame 512
16,560,113,780,2
Frame 513
16,560,113,780,2
Frame 606
13,560,143,903,2
Frame 607
13,560,143,903,2
Frame 608
13,560,143,903,2
Frame 609
13,560,143,903,2
Frame 610
13,560,143,903,2
Frame 611
13,560,143,903,2
Frame 612
13,560,143,903,2
Frame 613
13,560,143,903,2
Frame 614
13,560,143,903,2
Frame 615
13,560,143,903,2
Frame 616
13,560,143,903,2
Frame 617
13,560,143,903,2
Frame 618
13,560,143,903,2
Frame 619
13,560,143,903,2
Frame 620
13,560,143,903,2
Frame 621
13,560,143,903,2
Frame 622
13,560,143,903,2
Frame 623
13,560,143,903,2
Frame 624
13,560,143,903,2
Frame 625
13,560,143,903,2
Frame 626
13,560,143,903,2
Frame 627
13,560,143,903,2
Frame 628
13,560,143,903,2
Frame 629
13,560,143,903,2
Frame 630
13,560,143,903,2
Frame 631
13,560,143,903,2
Frame 632
13,560,143,903,2
Frame 633
13,560,143,903,2
Frame 634
13,560,143,903,2
Frame 635
13,560,143,903,2
Frame 636
13,560,143,903,2
Frame 637
13,560,143,903,2
Frame 638
13,560,143,903,2
Frame 639
13,560,143,903,2
Frame 640
13,560,143,903,2
Frame 641
13,560,143,903,2
Frame 642
13,560,143,903,2
Frame 643
13,560,143,903,2
Frame 644
13,560,143,903,2
Frame 645
13,560,143,903,2
Frame 646
13,560,143,903,2
Frame 647
13,560,143,903,2
Frame 648
13,560,143,903,2
Frame 649
13,560,143,903,2
Frame 650
13,560,143,903,2
Frame 651
13,560,143,903,2
Frame 652
13,560,143,903,2
Frame 653
13,560,143,903,2
Frame 654
13,560,143,903,2
Frame 655
13,560,143,903,2
Frame 656
13,560,143,903,2
Frame 657
13,560,143,903,2
Frame 658
13,560,143,903,2
Frame 659
13,560,143,903,2
Frame 660
13,560,143,903,2
Frame 661
13,560,143,903,2
Frame 662
13,560,143,903,2
Frame 663
13,560,143,903,2
Frame 664
13,560,143,903,2
Frame 665
13,560,143,903,2
Frame 666
13,560,143,903,2
Frame 667
13,560,143,903,2
Frame 668
13,560,143,903,2
Frame 669
13,560,143,903,2
Frame 670
13,560,143,903,2
Frame 671
13,560,143,903,2
Frame 672
13,560,143,903,2
Frame 673
13,560,143,903,2
Frame 674
13,560,143,903,2
Frame 675
13,560,143,903,2
Frame 676
13,560,143,903,2
Frame 677
13,560,143,903,2
Frame 678
13,560,143,903,2
Frame 679
13,560,143,903,2
Frame 680
13,560,143,903,2
Frame 681
13,560,143,903,2
Frame 682
13,560,143,903,2
Frame 683
13,560,143,903,2
Frame 684
13,560,143,903,2
Frame 685
13,560,143,903,2
Frame 686
13,560,143,903,2
Frame 687
13,560,143,903,2
Frame 688
13,560,143,903,2
Frame 689
13,560,143,903,2
Frame 690
13,560,143,903,2
Frame 691
13,560,143,903,2
Frame 692
13,560,143,903,2
Frame 693
13,560,143,903,2
Frame 694
13,560,143,903,2
Frame 695
13,560,143,903,2
Frame 696
13,560,143,903,2
Frame 697
13,560,143,903,2
Frame 698
13,560,143,903,2
Frame 699
13,560,143,903,2
Frame 700
13,560,143,903,2
Frame 701
13,560,143,903,2
Frame 702
13,560,143,903,2
Frame 703
13,560,143,903,2
Frame 704
13,560,143,903,2
Frame 705
13,560,143,903,2
Frame 706
13,560,143,903,2
Frame 707
13,560,143,903,2
Frame 708
13,560,143,903,2
Frame 775
16,560,123,873,2
Frame 776
16,560,123,873,2
Frame 777
16,560,123,873,2
Frame 778
16,560,123,873,2
Frame 779
16,560,123,873,2
Frame 780
16,560,123,873,2
Frame 781
16,560,123,873,2
Frame 782
16,560,123,873,2
Frame 783
16,560,123,873,2
Frame 784
16,560,123,873,2
Frame 785
16,560,123,873,2
Frame 786
16,560,123,873,2
Frame 787
16,560,123,873,2
Frame 788
16,560,123,873,2
Frame 789
16,560,123,873,2
Frame 790
16,560,123,873,2
Frame 791
16,560,123,873,2
Frame 792
16,560,123,873,2
Frame 793
16,560,123,873,2
Frame 794
16,560,123,873,2
Frame 795
16,560,123,873,2
Frame 796
16,560,123,873,2
Frame 797
16,560,123,873,2
Frame 798
16,560,123,873,2
Frame 799
16,560,123,873,2
Frame 800
16,560,123,873,2
Frame 801
16,560,123,873,2
Frame 802
16,560,123,873,2
Frame 803
16,560,123,873,2
Frame 804
16,560,123,873,2
Frame 805
16,560,123,873,2
Frame 806
16,560,123,873,2
Frame 807
16,560,123,873,2
Frame 808
16,560,123,873,2
Frame 809
16,560,123,873,2
Frame 810
16,560,123,873,2
Frame 811
16,560,123,873,2
Frame 812
16,560,123,873,2
Frame 813
16,560,123,873,2
Frame 814
16,560,123,873,2
Frame 815
16,560,123,873,2
Frame 816
16,560,123,873,2
Frame 817
16,560,123,873,2
Frame 818
16,560,123,873,2
Frame 819
16,560,123,873,2
Frame 820
16,560,123,873,2
Frame 821
16,560,123,873,2
Frame 822
16,560,123,873,2
Frame 823
16,560,123,873,2
Frame 824
16,560,123,873,2
Frame 825
16,560,123,873,2
Frame 826
16,560,123,873,2
Frame 827
16,560,123,873,2
Frame 828
16,560,123,873,2
Frame 829
16,560,123,873,2
Frame 830
16,560,123,873,2
Frame 831
16,560,123,873,2
Frame 832
16,560,123,873,2
Frame 833
16,560,123,873,2
Frame 834
16,560,123,873,2
Frame 835
16,560,123,873,2
Frame 836
16,560,123,873,2
Frame 837
16,560,123,873,2
Frame 838
16,560,123,873,2
Frame 839
16,560,123,873,2
Frame 840
16,560,123,873,2
Frame 841
16,560,123,873,2
Frame 842
16,560,123,873,2
Frame 843
16,560,123,873,2
Frame 844
16,560,123,873,2
Frame 845
16,560,123,873,2
Frame 846
16,560,123,873,2
Frame 936
16,560,140,783,2
Frame 937
16,560,140,783,2
Frame 938
16,560,140,783,2
Frame 939
16,560,140,783,2
Frame 940
16,560,140,783,2
Frame 941
16,560,140,783,2
Frame 942
16,560,140,783,2
Frame 943
16,560,140,783,2
Frame 944
16,560,140,783,2
Frame 945
16,560,140,783,2
Frame 946
16,560,140,783,2
Frame 947
16,560,140,783,2
Frame 948
16,560,140,783,2
Frame 949
16,560,140,783,2
Frame 950
16,560,140,783,2
Frame 951
16,560,140,783,2
Frame 952
16,560,140,783,2
Frame 953
16,560,140,783,2
Frame 954
16,560,140,783,2
Frame 955
16,560,140,783,2
Frame 956
16,560,140,783,2
Frame 957
16,560,140,783,2
Frame 958
16,560,140,783,2
Frame 959
16,560,140,783,2
Frame 960
16,560,140,783,2
Frame 961
16,560,140,783,2
Frame 962
16,560,140,783,2
Frame 963
16,560,140,783,2
Frame 964
16,560,140,783,2
Frame 965
16,560,140,783,2
Frame 966
16,560,140,783,2
Frame 967
16,560,140,783,2
Frame 968
16,560,140,783,2
Frame 969
16,560,140,783,2
Frame 970
16,560,140,783,2
Frame 971
10,560,123,886,2
Frame 972
10,560,123,886,2
Frame 973
10,560,123,886,2
Frame 974
10,560,123,886,2
Frame 975
10,560,123,886,2
Frame 976
10,560,123,886,2
Frame 977
10,560,123,886,2
Frame 978
10,560,123,886,2
Frame 979
10,560,123,886,2
Frame 980
10,560,123,886,2
Frame 981
10,560,123,886,2
Frame 982
10,560,123,886,2
Frame 983
10,560,123,886,2
Frame 984
10,560,123,886,2
Frame 985
10,560,123,886,2
Frame 986
10,560,123,886,2
Frame 987
10,560,123,886,2
Frame 988
10,560,123,886,2
Frame 989
10,560,123,886,2
Frame 990
10,560,123,886,2
Frame 991
10,560,123,886,2
Frame 992
10,560,123,886,2
Frame 993
10,560,123,886,2
Frame 994
10,560,123,886,2
Frame 995
10,560,123,886,2
Frame 996
10,560,123,886,2
Frame 997
10,560,123,886,2
Frame 998
10,560,123,886,2
Frame 999
10,560,123,886,2
Frame 1000
10,560,123,886,2
Frame 1001
10,560,123,886,2
Frame 1002
10,560,123,886,2
Frame 1003
10,560,123,886,2
Frame 1004
10,560,123,886,2
Frame 1005
10,560,123,886,2
Frame 1006
10,560,123,886,2
Frame 1007
10,560,123,886,2
Frame 1008
10,560,123,886,2
Frame 1009
10,560,123,886,2
Frame 1010
10,560,123,886,2
Frame 1011
10,560,123,886,2
Frame 1012
10,560,123,886,2
Frame 1013
10,560,123,886,2
Frame 1014
10,560,123,886,2
Frame 1015
10,560,123,886,2
Frame 1016
10,560,123,886,2
Frame 1017
10,560,123,886,2
Frame 1018
10,560,123,886,2
Frame 1019
10,560,123,886,2
Frame 1020
10,560,123,886,2
Frame 1021
10,560,123,886,2
Frame 1022
10,560,123,886,2
Frame 1023
10,560,123,886,2
Frame 1024
10,560,123,886,2
Frame 1025
10,560,123,886,2
Frame 1026
10,560,123,886,2
Frame 1027
10,560,123,886,2
Frame 1028
10,560,123,886,2
Frame 1029
10,560,123,886,2
Frame 1030
10,560,123,886,2
Frame 1031
10,560,123,886,2
Frame 1032
10,560,123,886,2
Frame 1033
10,560,123,886,2
Frame 1034
10,560,123,886,2
Frame 1035
10,560,123,886,2
Frame 1036
10,560,123,886,2
Frame 1037
10,560,123,886,2
Frame 1038
10,560,123,886,2
Frame 1039
10,560,123,886,2
Frame 1040
10,560,123,886,2
Frame 1041
10,560,123,886,2
Frame 1042
10,560,123,886,2
Frame 1043
10,560,123,886,2
Frame 1044
10,560,123,886,2
Frame 1045
10,526,120,900,2
Frame 1046
10,526,120,900,2
Frame 1047
10,526,120,900,2
Frame 1048
10,526,120,900,2
Frame 1049
10,526,120,900,2
Frame 1050
10,526,120,900,2
Frame 1051
10,526,120,900,2
Frame 1052
120,896,136,900,2
Frame 1053
120,896,136,900,2
Frame 1054
13,490,133,916,2
Frame 1055
13,490,133,916,2
Frame 1056
13,490,133,916,2
Frame 1057
13,490,133,916,2
Frame 1058
13,490,133,916,2
Frame 1059
13,490,133,916,2
Frame 1060
13,490,133,916,2
Frame 1061
13,490,133,916,2
Frame 1062
13,490,133,916,2
Frame 1063
13,490,133,916,2
Frame 1064
13,490,133,916,2
Frame 1065
13,490,133,916,2
Frame 1066
13,490,133,916,2
Frame 1067
6,473,140,916,2
Frame 1068
6,473,140,916,2
Frame 1069
6,473,140,916,2
Frame 1070
6,473,140,916,2
Frame 1071
6,473,140,916,2
Frame 1072
6,473,140,916,2
Frame 1073
6,473,140,916,2
Frame 1074
6,473,140,916,2
Frame 1075
6,473,140,916,2
Frame 1076
6,473,140,916,2
Frame 1077
6,473,140,916,2
Frame 1078
6,473,140,916,2
Frame 1079
6,473,140,916,2
Frame 1080
6,473,140,916,2
Frame 1081
6,473,140,916,2
Frame 1082
6,473,140,916,2
Frame 1083
6,473,140,916,2
Frame 1084
6,473,140,916,2
Frame 1085
6,473,140,916,2
Frame 1086
6,473,140,916,2
Frame 1087
6,473,140,916,2
Frame 1088
6,473,140,916,2
Frame 1089
6,473,140,916,2
Frame 1586
13,636,213,1503,2
Frame 1587
13,636,213,1503,2
Frame 1588
13,636,213,1503,2
Frame 1589
13,636,213,1503,2
Frame 1590
13,636,213,1503,2
Frame 1591
13,636,213,1503,2
Frame 1592
13,636,213,1503,2
Frame 1593
13,636,213,1503,2
Frame 1594
13,636,213,1503,2
Frame 1595
13,636,213,1503,2
Frame 1596
13,636,213,1503,2
Frame 1597
13,636,213,1503,2
Frame 1598
13,636,213,1503,2
Frame 1599
13,636,213,1503,2
Frame 1600
13,636,213,1503,2
Frame 1601
13,636,213,1503,2
Frame 1602
13,636,213,1503,2
Frame 1603
26,653,280,1680,2
Frame 1604
26,653,280,1680,2
Frame 1605
26,653,280,1680,2
Frame 1606
26,653,280,1680,2
Frame 1607
26,653,280,1680,2
Frame 1608
26,653,280,1680,2
Frame 1609
26,653,280,1680,2
Frame 1610
26,653,280,1680,2
Frame 1611
26,653,280,1680,2
Frame 1612
26,653,280,1680,2
Frame 1613
26,653,280,1680,2
Frame 1614
26,653,280,1680,2
Frame 1615
26,653,280,1680,2
Frame 1616
26,653,280,1680,2
Frame 1617
26,653,280,1680,2
Frame 1618
26,653,280,1680,2
Frame 1619
26,653,280,1680,2
Frame 1620
26,653,280,1680,2
Frame 1621
26,653,280,1680,2
Frame 1622
26,653,280,1680,2
Frame 1623
26,653,280,1680,2
Frame 1624
26,653,280,1680,2
Frame 1625
26,653,280,1680,2
Frame 1626
26,653,280,1680,2
Frame 1627
26,653,280,1680,2
Frame 1628
26,653,280,1680,2
Frame 1629
26,653,280,1680,2
Frame 1630
13,716,403,1703,2
Frame 1631
13,716,403,1703,2
Frame 1632
13,716,403,1703,2
Frame 1633
13,716,403,1703,2
Frame 1634
13,716,403,1703,2
Frame 1635
13,716,403,1703,2
Frame 1636
13,716,403,1703,2
Frame 1637
13,716,403,1703,2
Frame 1638
13,716,403,1703,2
Frame 1639
13,716,403,1703,2
Frame 1640
13,716,403,1703,2
Frame 1641
13,716,403,1703,2
Frame 1642
13,716,403,1703,2
Frame 1643
13,716,403,1703,2
Frame 1644
13,716,403,1703,2
Frame 1645
13,716,403,1703,2
Frame 1646
13,716,403,1703,2
Frame 1647
13,716,403,1703,2
Frame 1648
13,716,403,1703,2
Frame 1649
13,716,403,1703,2
Frame 1650
13,716,403,1703,2
Frame 1651
13,716,403,1703,2
Frame 1652
13,716,403,1703,2
Frame 1653
13,716,403,1703,2
Frame 1654
13,716,403,1703,2
Frame 1655
113,736,396,1770,2
Frame 1656
113,736,396,1770,2
Frame 1657
113,736,396,1770,2
Frame 1658
113,736,396,1770,2
Frame 1659
113,736,396,1770,2
Frame 1660
113,736,396,1770,2
Frame 1661
113,736,396,1770,2
Frame 1662
113,736,396,1770,2
Frame 1663
113,736,396,1770,2
Frame 1664
113,736,396,1770,2
Frame 1665
113,736,396,1770,2
Frame 1666
113,736,396,1770,2
Frame 1667
113,736,396,1770,2
Frame 1668
186,773,440,1900,2
Frame 1669
186,773,440,1900,2
Frame 1670
186,773,440,1900,2
Frame 1671
186,773,440,1900,2
Frame 1672
186,773,440,1900,2
Frame 1673
186,773,440,1900,2
Frame 1674
186,773,440,1900,2
Frame 1675
186,773,440,1900,2
Frame 1676
186,773,440,1900,2
Frame 1677
186,773,440,1900,2
Frame 1678
186,773,440,1900,2
Frame 1679
186,773,440,1900,2
Frame 1680
186,773,440,1900,2
Frame 1681
186,773,440,1900,2
Frame 1682
186,773,440,1900,2
Frame 1683
193,840,480,1900,2
Frame 1684
193,840,480,1900,2
Frame 1685
193,840,480,1900,2
Frame 1686
193,840,480,1900,2
Frame 1687
193,840,480,1900,2
Frame 1688
193,840,480,1900,2
Frame 1689
193,840,480,1900,2
Frame 1690
193,840,480,1900,2
Frame 1691
193,840,480,1900,2
Frame 1692
193,840,480,1900,2
Frame 1693
193,840,480,1900,2
Frame 1694
193,840,480,1900,2
Frame 1695
193,840,480,1900,2
Frame 1696
193,840,480,1900,2
Frame 1697
223,856,600,1903,2
Frame 1698
223,856,600,1903,2
Frame 1699
223,856,600,1903,2
Frame 1700
223,856,600,1903,2
Frame 1701
223,856,600,1903,2
Frame 1702
223,856,600,1903,2
Frame 1703
223,856,600,1903,2
Frame 1704
223,856,600,1903,2
Frame 1705
223,856,600,1903,2
Frame 1706
223,856,600,1903,2
Frame 1707
223,856,600,1903,2
Frame 1708
310,883,680,1890,2
Frame 1709
310,883,680,1890,2
Frame 1710
310,883,680,1890,2
Frame 1711
310,883,680,1890,2
Frame 1712
310,883,680,1890,2
Frame 1713
310,883,680,1890,2
Frame 1714
310,883,680,1890,2
Frame 1715
310,883,680,1890,2
Frame 1716
310,883,680,1890,2
Frame 1717
310,883,680,1890,2
Frame 1718
440,876,763,1896,2
Frame 1719
440,876,763,1896,2
Frame 1720
440,876,763,1896,2
Frame 1721
440,876,763,1896,2
Frame 1722
440,876,763,1896,2
Frame 1723
440,876,763,1896,2
Frame 1724
440,876,763,1896,2
Frame 1725
440,876,763,1896,2
Frame 1726
503,926,850,1893,2
Frame 1727
503,926,850,1893,2
Frame 1728
503,926,850,1893,2
Frame 1729
503,926,850,1893,2
Frame 1730
503,926,850,1893,2
Frame 1731
503,926,850,1893,2
Frame 1732
503,926,850,1893,2
Frame 1733
503,926,850,1893,2
Frame 1734
503,926,850,1893,2
Frame 1735
503,926,850,1893,2
Frame 1736
503,926,850,1893,2
Frame 1737
546,923,886,1890,2
Frame 1738
546,923,886,1890,2
Frame 1739
546,923,886,1890,2
Frame 1740
546,923,886,1890,2
Frame 1741
546,923,886,1890,2
Frame 1742
546,923,886,1890,2
Frame 1743
546,923,886,1890,2
Frame 1744
603,960,1013,1906,2
Frame 1745
603,960,1013,1906,2
Frame 1746
603,960,1013,1906,2
Frame 1747
603,960,1013,1906,2
Frame 1748
603,960,1013,1906,2
Frame 1749
603,960,1013,1906,2
Frame 1750
603,960,1013,1906,2
Frame 1751
603,960,1013,1906,2
Frame 1752
603,960,1013,1906,2
Frame 1753
603,960,1013,1906,2
Frame 1754
603,960,1013,1906,2
Frame 1755
603,960,1013,1906,2
Frame 1756
603,960,1013,1906,2
Frame 1757
603,960,1013,1906,2
Frame 1758
603,960,1013,1906,2
Frame 1759
603,960,1013,1906,2
Frame 1760
640,1016,1070,1896,2
Frame 1761
640,1016,1070,1896,2
Frame 1762
640,1016,1070,1896,2
Frame 1763
640,1016,1070,1896,2
Frame 1764
640,1016,1070,1896,2
Frame 1765
640,1016,1070,1896,2
Frame 1766
640,1016,1070,1896,2
Frame 1767
640,1016,1070,1896,2
Frame 1768
640,1016,1070,1896,2
Frame 1769
640,1016,1070,1896,2
Frame 1770
640,1016,1070,1896,2
Frame 1771
640,1016,1070,1896,2
Frame 1772
640,1016,1070,1896,2
Frame 1773
640,1016,1070,1896,2
Frame 1774
640,1016,1070,1896,2
Frame 1775
640,1016,1070,1896,2
Frame 1776
640,1016,1070,1896,2
Frame 1777
640,1016,1070,1896,2
Frame 1778
783,996,1076,1906,2
Frame 1779
783,996,1076,1906,2
Frame 1780
783,996,1076,1906,2
Frame 1781
783,996,1076,1906,2
Frame 1782
783,996,1076,1906,2
Frame 1783
783,996,1076,1906,2
Frame 1784
783,996,1076,1906,2
Frame 1785
783,996,1076,1906,2
Frame 1786
783,996,1076,1906,2
Frame 1787
783,996,1076,1906,2
Frame 1788
783,996,1076,1906,2
Frame 1789
783,996,1076,1906,2
Frame 1790
783,996,1076,1906,2
Frame 1791
783,996,1076,1906,2
Frame 1792
783,996,1076,1906,2
Frame 1793
783,996,1076,1906,2
Frame 1794
783,996,1076,1906,2
Frame 1795
863,1006,1076,1903,2
Frame 1796
863,1006,1076,1903,2
Frame 1797
863,1006,1076,1903,2
Frame 1798
863,1006,1076,1903,2
Frame 1799
863,1006,1076,1903,2
Frame 1800
863,1006,1076,1903,2
Frame 1801
863,1006,1076,1903,2
Frame 2001
886,990,1073,1910,2
Frame 2002
886,990,1073,1910,2
Frame 2003
886,990,1073,1910,2
Frame 2004
886,990,1073,1910,2
Frame 2005
886,990,1073,1910,2
Frame 2006
886,990,1073,1910,2
Frame 2007
886,990,1073,1910,2
Frame 2008
886,990,1073,1910,2
Frame 2009
886,990,1073,1910,2
Frame 2010
886,990,1073,1910,2
Frame 2011
886,990,1073,1910,2
Frame 2012
886,990,1073,1910,2
Frame 2013
886,990,1073,1910,2
Frame 2014
886,990,1073,1910,2
Frame 2015
886,990,1073,1910,2
Frame 2016
886,990,1073,1910,2
Frame 2017
886,990,1073,1910,2
Frame 2018
886,990,1073,1910,2
Frame 2019
886,990,1073,1910,2
Frame 2020
886,990,1073,1910,2
Frame 2085
770,866,1053,1903,2
Frame 2086
770,866,1053,1903,2
Frame 2087
770,866,1053,1903,2
Frame 2088
770,866,1053,1903,2
Frame 2089
770,866,1053,1903,2
Frame 2090
770,866,1053,1903,2
Frame 2091
770,866,1053,1903,2
Frame 2092
770,866,1053,1903,2
Frame 2093
770,866,1053,1903,2
Frame 2094
770,866,1053,1903,2
Frame 2095
770,866,1053,1903,2
Frame 2096
770,866,1053,1903,2
Frame 2097
770,866,1053,1903,2
Frame 2098
770,866,1053,1903,2
Frame 2099
683,830,993,1893,2
Frame 2100
683,830,993,1893,2
Frame 2101
683,830,993,1893,2
Frame 2102
683,830,993,1893,2
Frame 2103
683,830,993,1893,2
Frame 2104
683,830,993,1893,2
Frame 2105
683,830,993,1893,2
Frame 2106
683,830,993,1893,2
Frame 2107
683,830,993,1893,2
Frame 2108
683,830,993,1893,2
Frame 2109
683,830,993,1893,2
Frame 2110
683,830,993,1893,2
Frame 2111
683,830,993,1893,2
Frame 2112
683,830,993,1893,2
Frame 2113
640,763,956,1890,2
Frame 2114
640,763,956,1890,2
Frame 2115
640,763,956,1890,2
Frame 2116
640,763,956,1890,2
Frame 2117
640,763,956,1890,2
Frame 2118
640,763,956,1890,2
Frame 2119
640,763,956,1890,2
Frame 2120
640,763,956,1890,2
Frame 2121
640,763,956,1890,2
Frame 2122
640,763,956,1890,2
Frame 2123
640,763,956,1890,2
Frame 2124
640,763,956,1890,2
Frame 2125
640,763,956,1890,2
Frame 2126
640,763,956,1890,2
Frame 2127
640,763,956,1890,2
Frame 2128
566,746,886,1833,2
Frame 2129
566,746,886,1833,2
Frame 2130
566,746,886,1833,2
Frame 2131
566,746,886,1833,2
Frame 2132
566,746,886,1833,2
Frame 2133
566,746,886,1833,2
Frame 2134
566,746,886,1833,2
Frame 2135
566,746,886,1833,2
Frame 2136
566,746,886,1833,2
Frame 2137
566,746,886,1833,2
Frame 2138
566,746,886,1833,2
Frame 2139
566,746,886,1833,2
Frame 2140
480,726,856,1826,2
Frame 2141
480,726,856,1826,2
Frame 2142
480,726,856,1826,2
Frame 2143
480,726,856,1826,2
Frame 2144
480,726,856,1826,2
Frame 2145
480,726,856,1826,2
Frame 2146
480,726,856,1826,2
Frame 2147
480,726,856,1826,2
Frame 2148
480,726,856,1826,2
Frame 2149
480,726,856,1826,2
Frame 2150
480,726,856,1826,2
Frame 2151
433,733,760,1766,2
Frame 2152
433,733,760,1766,2
Frame 2153
433,733,760,1766,2
Frame 2154
433,733,760,1766,2
Frame 2155
433,733,760,1766,2
Frame 2156
433,733,760,1766,2
Frame 2157
433,733,760,1766,2
Frame 2158
433,733,760,1766,2
Frame 2159
433,733,760,1766,2
Frame 2160
393,730,656,1713,2
Frame 2161
393,730,656,1713,2
Frame 2162
393,730,656,1713,2
Frame 2163
393,730,656,1713,2
Frame 2164
393,730,656,1713,2
Frame 2165
393,730,656,1713,2
Frame 2166
393,730,656,1713,2
Frame 2167
393,730,656,1713,2
Frame 2168
393,730,656,1713,2
Frame 2169
393,730,656,1713,2
Frame 2170
393,730,656,1713,2
Frame 2171
393,730,656,1713,2
Frame 2172
393,730,656,1713,2
Frame 2173
393,730,656,1713,2
Frame 2174
393,730,656,1713,2
Frame 2175
393,730,656,1713,2
Frame 2176
380,693,640,1733,2
Frame 2177
380,693,640,1733,2
Frame 2178
380,693,640,1733,2
Frame 2179
380,693,640,1733,2
Frame 2180
380,693,640,1733,2
Frame 2181
380,693,640,1733,2
Frame 2182
380,693,640,1733,2
Frame 2183
380,693,640,1733,2
Frame 2184
380,693,640,1733,2
Frame 2185
380,693,640,1733,2
Frame 2186
380,693,640,1733,2
Frame 2187
380,693,640,1733,2
Frame 2188
380,693,640,1733,2
Frame 2189
380,693,640,1733,2
Frame 2190
353,660,560,1656,2
Frame 2191
353,660,560,1656,2
Frame 2192
353,660,560,1656,2
Frame 2193
353,660,560,1656,2
Frame 2194
353,660,560,1656,2
Frame 2195
353,660,560,1656,2
Frame 2196
353,660,560,1656,2
Frame 2197
353,660,560,1656,2
Frame 2198
353,660,560,1656,2
Frame 2199
353,660,560,1656,2
Frame 2200
353,660,560,1656,2
Frame 2201
353,660,560,1656,2
Frame 2202
353,660,560,1656,2
Frame 2203
353,660,560,1656,2
Frame 2204
353,660,560,1656,2
Frame 2205
353,660,560,1656,2
Frame 2206
353,660,560,1656,2
Frame 2207
353,660,560,1656,2
Frame 2208
263,636,570,1576,2
Frame 2209
263,636,570,1576,2
Frame 2210
263,636,570,1576,2
Frame 2211
263,636,570,1576,2
Frame 2212
263,636,570,1576,2
Frame 2213
263,636,570,1576,2
Frame 2214
263,636,570,1576,2
Frame 2215
263,636,570,1576,2
Frame 2216
186,626,480,1520,2
Frame 2217
186,626,480,1520,2
Frame 2218
186,626,480,1520,2
Frame 2219
186,626,480,1520,2
Frame 2220
186,626,480,1520,2
Frame 2221
186,626,480,1520,2
Frame 2222
186,626,480,1520,2
Frame 2223
186,626,480,1520,2
Frame 2224
186,626,480,1520,2
Frame 2225
186,626,480,1520,2
Frame 2226
186,626,480,1520,2
Frame 2227
186,626,480,1520,2
Frame 2228
186,626,480,1520,2
Frame 2229
186,626,480,1520,2
Frame 2230
186,626,480,1520,2
Frame 2231
186,626,480,1520,2
Frame 2232
186,626,480,1520,2
Frame 2233
186,626,480,1520,2
Frame 2234
186,626,480,1520,2
Frame 2235
156,626,423,1496,2
Frame 2236
156,626,423,1496,2
Frame 2237
156,626,423,1496,2
Frame 2238
156,626,423,1496,2
Frame 2239
156,626,423,1496,2
Frame 2240
156,626,423,1496,2
Frame 2241
156,626,423,1496,2
Frame 2242
156,626,423,1496,2
Frame 2243
156,626,423,1496,2
Frame 2244
156,626,423,1496,2
Frame 2245
156,626,423,1496,2
Frame 2246
156,626,423,1496,2
Frame 2247
156,626,423,1496,2
Frame 2248
156,626,423,1496,2
Frame 2249
156,626,423,1496,2
Frame 2250
156,626,423,1496,2
Frame 2251
156,626,423,1496,2
Frame 2252
156,626,423,1496,2
Frame 2253
156,600,410,1473,2
Frame 2254
156,600,410,1473,2
Frame 2255
156,600,410,1473,2
Frame 2256
156,600,410,1473,2
Frame 2257
156,600,410,1473,2
Frame 2258
156,600,410,1473,2
Frame 2259
156,600,410,1473,2
Frame 2260
156,600,410,1473,2
Frame 2261
156,600,410,1473,2
Frame 2262
156,600,410,1473,2
Frame 2263
156,600,410,1473,2
Frame 2264
156,600,410,1473,2
Frame 2265
156,600,410,1473,2
Frame 2266
156,600,410,1473,2
Frame 2267
156,600,410,1473,2
Frame 2268
156,600,410,1473,2
Frame 2269
156,600,410,1473,2
Frame 2270
156,600,410,1473,2
Frame 2271
156,600,410,1473,2
Frame 2272
156,600,410,1473,2
Frame 2273
156,600,410,1473,2
Frame 2274
156,600,410,1473,2
Frame 2275
130,596,346,1370,2
Frame 2276
130,596,346,1370,2
Frame 2277
130,596,346,1370,2
Frame 2278
130,596,346,1370,2
Frame 2279
130,596,346,1370,2
Frame 2280
130,596,346,1370,2
Frame 2281
130,596,346,1370,2
Frame 2282
130,596,346,1370,2
Frame 2283
130,596,346,1370,2
Frame 2284
130,596,346,1370,2
Frame 2285
130,596,346,1370,2
Frame 2286
130,596,346,1370,2
Frame 2287
106,583,326,1353,2
Frame 2288
106,583,326,1353,2
Frame 2289
106,583,326,1353,2
Frame 2290
106,583,326,1353,2
Frame 2291
106,583,326,1353,2
Frame 2292
106,583,326,1353,2
Frame 3009
6,600,146,1313,2
Frame 3010
6,600,146,1313,2
Frame 3011
6,600,146,1313,2
Frame 3012
6,600,146,1313,2
Frame 3013
6,600,146,1313,2
Frame 3014
6,600,146,1313,2
Frame 3015
6,600,146,1313,2
Frame 3016
6,600,146,1313,2
Frame 3017
6,600,146,1313,2
Frame 3018
6,600,146,1313,2
Frame 3019
6,600,146,1313,2
Frame 3020
6,600,146,1313,2
Frame 3021
6,600,146,1313,2
Frame 3022
6,600,146,1313,2
Frame 3023
6,600,146,1313,2
Frame 3024
6,600,146,1313,2
Frame 3025
6,600,146,1313,2
Frame 3026
6,600,146,1313,2
Frame 3027
6,600,146,1313,2
Frame 3028
16,583,156,1396,2
Frame 3029
16,583,156,1396,2
Frame 3030
16,583,156,1396,2
Frame 3031
16,583,156,1396,2
Frame 3032
16,583,156,1396,2
Frame 3033
16,583,156,1396,2
Frame 3034
16,583,156,1396,2
Frame 3035
16,583,156,1396,2
Frame 3036
16,583,156,1396,2
Frame 3037
16,583,156,1396,2
Frame 3038
16,583,156,1396,2
Frame 3039
16,583,156,1396,2
Frame 3040
16,583,156,1396,2
Frame 3041
16,583,156,1396,2
Frame 3042
16,583,156,1396,2
Frame 3043
16,583,156,1396,2
Frame 3044
16,583,156,1396,2
Frame 3045
16,583,156,1396,2
Frame 3046
16,583,156,1396,2
Frame 3047
16,583,156,1396,2
Frame 3048
16,583,156,1396,2
Frame 3049
16,583,156,1396,2
Frame 3050
16,583,156,1396,2
Frame 3051
16,583,156,1396,2
Frame 3052
16,583,156,1396,2
Frame 3053
16,583,156,1396,2
Frame 3054
16,583,156,1396,2
Frame 3055
16,583,156,1396,2
Frame 3056
16,583,156,1396,2
Frame 3057
16,583,156,1396,2
Frame 3058
16,583,156,1396,2
Frame 3059
16,583,156,1396,2
Frame 3060
16,583,156,1396,2
Frame 3061
16,583,156,1396,2
Frame 3062
16,583,156,1396,2
Frame 3063
16,583,156,1396,2
Frame 3064
16,583,156,1396,2
Frame 3065
16,583,156,1396,2
Frame 3066
16,583,156,1396,2
Frame 3067
16,583,156,1396,2
Frame 3068
16,583,156,1396,2
Frame 3069
16,583,156,1396,2
Frame 3070
16,583,156,1396,2
Frame 3071
16,646,266,1483,2
Frame 3072
16,646,266,1483,2
Frame 3073
16,646,266,1483,2
Frame 3074
16,646,266,1483,2
Frame 3075
16,646,266,1483,2
Frame 3076
16,646,266,1483,2
Frame 3077
16,646,266,1483,2
Frame 3078
16,646,266,1483,2
Frame 3079
16,646,266,1483,2
Frame 3080
16,646,266,1483,2
Frame 3081
16,646,266,1483,2
Frame 3082
16,646,266,1483,2
Frame 3083
16,646,266,1483,2
Frame 3084
16,646,266,1483,2
Frame 3085
16,646,266,1483,2
Frame 3086
16,646,266,1483,2
Frame 3087
16,646,266,1483,2
Frame 3088
16,646,266,1483,2
Frame 3089
16,646,266,1483,2
Frame 3090
16,646,266,1483,2
Frame 3091
16,646,266,1483,2
Frame 3092
16,646,266,1483,2
Frame 3093
16,646,266,1483,2
Frame 3094
16,646,266,1483,2
Frame 3095
16,646,266,1483,2
Frame 3096
16,646,266,1483,2
Frame 3097
16,646,266,1483,2
Frame 3098
16,646,266,1483,2
Frame 3099
16,646,266,1483,2
Frame 3100
16,646,266,1483,2
Frame 3101
16,646,266,1483,2
Frame 3102
46,650,283,1630,2
Frame 3103
46,650,283,1630,2
Frame 3104
46,650,283,1630,2
Frame 3105
46,650,283,1630,2
Frame 3106
46,650,283,1630,2
Frame 3107
46,650,283,1630,2
Frame 3108
46,650,283,1630,2
Frame 3109
46,650,283,1630,2
Frame 3110
46,650,283,1630,2
Frame 3111
46,650,283,1630,2
Frame 3112
46,650,283,1630,2
Frame 3113
46,650,283,1630,2
Frame 3114
46,650,283,1630,2
Frame 3115
46,650,283,1630,2
Frame 3116
46,650,283,1630,2
Frame 3117
46,650,283,1630,2
Frame 3118
46,650,283,1630,2
Frame 3119
46,650,283,1630,2
Frame 3120
46,650,283,1630,2
Frame 3121
46,650,283,1630,2
Frame 3122
46,650,283,1630,2
Frame 3123
46,650,283,1630,2
Frame 3124
46,650,283,1630,2
Frame 3125
46,650,283,1630,2
Frame 3126
46,650,283,1630,2
Frame 3127
46,650,283,1630,2
Frame 3128
46,650,283,1630,2
Frame 3129
46,650,283,1630,2
Frame 3130
46,650,283,1630,2
Frame 3131
46,650,283,1630,2
Frame 3132
46,650,283,1630,2
Frame 3133
46,650,283,1630,2
Frame 3134
46,650,283,1630,2
Frame 3135
46,650,283,1630,2
Frame 3136
46,650,283,1630,2
Frame 3137
46,650,283,1630,2
Frame 3138
53,750,423,1690,2
Frame 3139
53,750,423,1690,2
Frame 3140
53,750,423,1690,2
Frame 3141
53,750,423,1690,2
Frame 3142
53,750,423,1690,2
Frame 3143
53,750,423,1690,2
Frame 3144
53,750,423,1690,2
Frame 3145
53,750,423,1690,2
Frame 3146
53,750,423,1690,2
Frame 3147
53,750,423,1690,2
Frame 3148
53,750,423,1690,2
Frame 3149
53,750,423,1690,2
Frame 3150
53,750,423,1690,2
Frame 3151
53,750,423,1690,2
Frame 3152
53,750,423,1690,2
Frame 3153
53,750,423,1690,2
Frame 3154
53,750,423,1690,2
Frame 3155
53,750,423,1690,2
Frame 3156
170,726,446,1773,2
Frame 3157
170,726,446,1773,2
Frame 3158
170,726,446,1773,2
Frame 3159
170,726,446,1773,2
Frame 3160
170,726,446,1773,2
Frame 3161
170,726,446,1773,2
Frame 3162
170,726,446,1773,2
Frame 3163
170,726,446,1773,2
Frame 3164
170,726,446,1773,2
Frame 3165
170,726,446,1773,2
Frame 3166
170,726,446,1773,2
Frame 3167
170,726,446,1773,2
Frame 3168
170,726,446,1773,2
Frame 3169
170,726,446,1773,2
Frame 3170
170,726,446,1773,2
Frame 3171
170,726,446,1773,2
Frame 3172
170,726,446,1773,2
Frame 3173
233,746,516,1873,2
Frame 3174
233,746,516,1873,2
Frame 3175
233,746,516,1873,2
Frame 3176
233,746,516,1873,2
Frame 3177
233,746,516,1873,2
Frame 3178
233,746,516,1873,2
Frame 3179
233,746,516,1873,2
Frame 3180
233,746,516,1873,2
Frame 3181
233,746,516,1873,2
Frame 3182
233,746,516,1873,2
Frame 3183
233,746,516,1873,2
Frame 3184
233,746,516,1873,2
Frame 3185
233,746,516,1873,2
Frame 3186
233,746,516,1873,2
Frame 3187
233,746,516,1873,2
Frame 3188
233,746,516,1873,2
Frame 3189
233,746,516,1873,2
Frame 3190
233,746,516,1873,2
Frame 3191
233,746,516,1873,2
Frame 3192
233,746,516,1873,2
Frame 3193
233,746,516,1873,2
Frame 3194
233,746,516,1873,2
Frame 3195
233,746,516,1873,2
Frame 3196
233,746,516,1873,2
Frame 3197
233,746,516,1873,2
Frame 3198
233,746,516,1873,2
Frame 3199
233,746,516,1873,2
Frame 3200
233,746,516,1873,2
Frame 3201
233,746,516,1873,2
Frame 3202
233,746,516,1873,2
Frame 3203
233,746,516,1873,2
Frame 3204
233,746,516,1873,2
Frame 3205
233,746,516,1873,2
Frame 3206
233,746,516,1873,2
Frame 3207
233,746,516,1873,2
Frame 3208
220,830,610,1893,2
Frame 3209
220,830,610,1893,2
Frame 3210
220,830,610,1893,2
Frame 3211
220,830,610,1893,2
Frame 3212
220,830,610,1893,2
Frame 3213
220,830,610,1893,2
Frame 3214
220,830,610,1893,2
Frame 3215
220,830,610,1893,2
Frame 3216
220,830,610,1893,2
Frame 3217
220,830,610,1893,2
Frame 3218
220,830,610,1893,2
Frame 3219
220,830,610,1893,2
Frame 3220
306,850,650,1896,2
Frame 3221
306,850,650,1896,2
Frame 3222
306,850,650,1896,2
Frame 3223
306,850,650,1896,2
Frame 3224
306,850,650,1896,2
Frame 3225
306,850,650,1896,2
Frame 3226
306,850,650,1896,2
Frame 3227
306,850,650,1896,2
Frame 3228
306,850,650,1896,2
Frame 3229
306,850,650,1896,2
Frame 3230
383,853,696,1896,2
Frame 3231
383,853,696,1896,2
Frame 3232
383,853,696,1896,2
Frame 3233
383,853,696,1896,2
Frame 3234
383,853,696,1896,2
Frame 3235
383,853,696,1896,2
Frame 3236
383,853,696,1896,2
Frame 3237
383,853,696,1896,2
Frame 3238
403,883,750,1886,2
Frame 3239
403,883,750,1886,2
Frame 3240
403,883,750,1886,2
Frame 3241
403,883,750,1886,2
Frame 3242
403,883,750,1886,2
Frame 3243
403,883,750,1886,2
Frame 3244
403,883,750,1886,2
Frame 3245
403,883,750,1886,2
Frame 3246
403,883,750,1886,2
Frame 3247
403,883,750,1886,2
Frame 3248
403,883,750,1886,2
Frame 3249
403,883,750,1886,2
Frame 3250
403,883,750,1886,2
Frame 3251
403,883,750,1886,2
Frame 3252
403,883,750,1886,2
Frame 3253
403,883,750,1886,2
Frame 3254
403,883,750,1886,2
Frame 3255
446,946,793,1870,2
Frame 3256
446,946,793,1870,2
Frame 3257
446,946,793,1870,2
Frame 3258
446,946,793,1870,2
Frame 3259
446,946,793,1870,2
Frame 3260
446,946,793,1870,2
Frame 3261
446,946,793,1870,2
Frame 3262
446,946,793,1870,2
Frame 3263
446,946,793,1870,2
Frame 3264
446,946,793,1870,2
Frame 3265
446,946,793,1870,2
Frame 3266
446,946,793,1870,2
Frame 3267
446,946,793,1870,2
Frame 3268
446,946,793,1870,2
Frame 3269
446,946,793,1870,2
Frame 3270
446,946,793,1870,2
Frame 3271
446,946,793,1870,2
Frame 3272
446,946,793,1870,2
Frame 3273
446,946,793,1870,2
Frame 3274
446,946,793,1870,2
Frame 3275
446,946,793,1870,2
Frame 3276
446,946,793,1870,2
Frame 3277
446,946,793,1870,2
Frame 3278
446,946,793,1870,2
Frame 3279
446,946,793,1870,2
Frame 3280
446,946,793,1870,2
Frame 3281
446,946,793,1870,2
Frame 3282
446,946,793,1870,2
Frame 3283
446,946,793,1870,2
Frame 3284
446,946,793,1870,2
Frame 3285
446,946,793,1870,2
Frame 3286
446,946,793,1870,2
Frame 3287
446,946,793,1870,2
Frame 3288
446,946,793,1870,2
Frame 3289
446,946,793,1870,2
Frame 3290
446,946,793,1870,2
Frame 3291
446,946,793,1870,2
Frame 3292
446,946,793,1870,2
Frame 3293
446,946,793,1870,2
Frame 3294
446,946,793,1870,2
Frame 3295
446,946,793,1870,2
Frame 3296
446,946,793,1870,2
Frame 3297
446,946,793,1870,2
Frame 3298
446,946,793,1870,2
Frame 3299
446,946,793,1870,2
Frame 3300
446,946,793,1870,2
Frame 3301
446,946,793,1870,2
Frame 3302
446,946,793,1870,2
Frame 3303
376,883,826,1880,2
Frame 3304
376,883,826,1880,2
Frame 3305
376,883,826,1880,2
Frame 3306
376,883,826,1880,2
Frame 3307
376,883,826,1880,2
Frame 3308
376,883,826,1880,2
Frame 3309
376,883,826,1880,2
Frame 3310
376,883,826,1880,2
Frame 3311
376,883,826,1880,2
Frame 3312
376,883,826,1880,2
Frame 3313
376,883,826,1880,2
Frame 3314
376,883,826,1880,2
Frame 3315
376,883,826,1880,2
Frame 3316
376,883,826,1880,2
Frame 3317
376,883,826,1880,2
Frame 3318
376,883,826,1880,2
Frame 3319
376,883,826,1880,2
Frame 3320
376,883,826,1880,2
Frame 3321
376,883,826,1880,2
Frame 3322
376,883,826,1880,2
Frame 3323
376,883,826,1880,2
Frame 3324
376,883,826,1880,2
Frame 3325
376,883,826,1880,2
Frame 3326
500,853,890,1876,2
Frame 3327
500,853,890,1876,2
Frame 3328
500,853,890,1876,2
Frame 3329
500,853,890,1876,2
Frame 3330
500,853,890,1876,2
Frame 3331
500,853,890,1876,2
Frame 3332
500,853,890,1876,2
Frame 3333
500,853,890,1876,2
Frame 3334
500,853,890,1876,2
Frame 3335
500,853,890,1876,2
Frame 3336
500,853,890,1876,2
Frame 3337
500,853,890,1876,2
Frame 3338
500,853,890,1876,2
Frame 3339
630,850,960,1876,2
Frame 3340
630,850,960,1876,2
Frame 3341
630,850,960,1876,2
Frame 3342
630,850,960,1876,2
Frame 3343
630,850,960,1876,2
Frame 3344
630,850,960,1876,2
Frame 3345
630,850,960,1876,2
Frame 3346
630,850,960,1876,2
Frame 3347
630,850,960,1876,2
Frame 3348
630,850,960,1876,2
Frame 3349
660,870,1043,1883,2
Frame 3350
660,870,1043,1883,2
Frame 3351
660,870,1043,1883,2
Frame 3352
660,870,1043,1883,2
Frame 3353
660,870,1043,1883,2
Frame 3354
660,870,1043,1883,2
Frame 3355
660,870,1043,1883,2
Frame 3356
660,870,1043,1883,2
Frame 3357
660,870,1043,1883,2
Frame 3358
660,870,1043,1883,2
Frame 3359
660,870,1043,1883,2
Frame 3360
660,870,1043,1883,2
Frame 3361
660,870,1043,1883,2
Frame 3362
660,870,1043,1883,2
Frame 3363
660,870,1043,1883,2
Frame 3364
660,870,1043,1883,2
Frame 3365
660,870,1043,1883,2
Frame 3366
660,870,1043,1883,2
Frame 3367
660,870,1043,1883,2
Frame 3368
660,870,1043,1883,2
Frame 3369
660,870,1043,1883,2
Frame 3370
660,870,1043,1883,2
Frame 3371
660,870,1043,1883,2
Frame 3372
600,886,1000,1890,2
Frame 3373
600,886,1000,1890,2
Frame 3374
600,886,1000,1890,2
Frame 3375
600,886,1000,1890,2
Frame 3376
600,886,1000,1890,2
Frame 3377
600,886,1000,1890,2
Frame 3378
600,886,1000,1890,2
Frame 3379
600,886,1000,1890,2
Frame 3380
600,886,1000,1890,2
Frame 3381
600,886,1000,1890,2
Frame 3382
600,886,1000,1890,2
Frame 3383
600,886,1000,1890,2
Frame 3384
600,886,1000,1890,2
Frame 3385
600,886,1000,1890,2
Frame 3386
490,883,893,1893,2
Frame 3387
490,883,893,1893,2
Frame 3388
490,883,893,1893,2
Frame 3389
490,883,893,1893,2
Frame 3390
490,883,893,1893,2
Frame 3391
490,883,893,1893,2
Frame 3392
490,883,893,1893,2
Frame 3393
490,883,893,1893,2
Frame 3394
490,883,893,1893,2
Frame 3395
490,883,893,1893,2
Frame 3396
490,883,893,1893,2
Frame 3397
490,883,893,1893,2
Frame 3398
490,883,893,1893,2
Frame 3399
490,883,893,1893,2
Frame 3400
490,883,893,1893,2
Frame 3401
490,883,893,1893,2
Frame 3402
490,883,893,1893,2
Frame 3403
490,883,893,1893,2
Frame 3404
490,883,893,1893,2
Frame 3405
490,883,893,1893,2
Frame 3406
400,883,823,1883,2
Frame 3407
400,883,823,1883,2
Frame 3408
400,883,823,1883,2
Frame 3409
400,883,823,1883,2
Frame 3410
400,883,823,1883,2
Frame 3411
400,883,823,1883,2
Frame 3412
400,883,823,1883,2
Frame 3413
400,883,823,1883,2
Frame 3414
400,883,823,1883,2
Frame 3415
400,883,823,1883,2
Frame 3416
400,883,823,1883,2
Frame 3417
400,883,823,1883,2
Frame 3418
400,883,823,1883,2
Frame 3419
400,883,823,1883,2
Frame 3420
400,883,823,1883,2
Frame 3421
400,883,823,1883,2
Frame 3422
400,883,823,1883,2
Frame 3423
400,883,823,1883,2
Frame 3424
400,883,823,1883,2
Frame 3425
400,883,823,1883,2
Frame 3426
400,883,823,1883,2
Frame 3427
400,883,823,1883,2
Frame 3428
400,883,823,1883,2
Frame 3429
400,883,823,1883,2
Frame 3430
400,883,823,1883,2
Frame 3431
400,883,823,1883,2
Frame 3432
400,883,823,1883,2
Frame 3433
400,883,823,1883,2
Frame 3434
400,883,823,1883,2
Frame 3435
400,883,823,1883,2
Frame 3436
400,883,823,1883,2
Frame 3437
483,840,860,1886,2
Frame 3438
483,840,860,1886,2
Frame 3439
483,840,860,1886,2
Frame 3440
483,840,860,1886,2
Frame 3441
483,840,860,1886,2
Frame 3442
483,840,860,1886,2
Frame 3443
483,840,860,1886,2
Frame 3444
483,840,860,1886,2
Frame 3445
483,840,860,1886,2
Frame 3446
483,840,860,1886,2
Frame 3447
483,840,860,1886,2
Frame 3448
483,840,860,1886,2
Frame 3449
483,840,860,1886,2
Frame 3450
483,840,860,1886,2
Frame 3451
483,840,860,1886,2
Frame 3452
483,840,860,1886,2
Frame 3453
483,840,860,1886,2
Frame 3454
483,840,860,1886,2
Frame 3455
483,840,860,1886,2
Frame 3456
483,840,860,1886,2
Frame 3457
483,840,860,1886,2
Frame 3458
483,840,860,1886,2
Frame 3459
483,840,860,1886,2
Frame 3460
483,840,860,1886,2
Frame 3461
483,840,860,1886,2
Frame 3462
483,840,860,1886,2
Frame 3463
483,840,860,1886,2
Frame 3464
483,840,860,1886,2
Frame 3465
483,840,860,1886,2
Frame 3466
483,840,860,1886,2
Frame 3467
483,840,860,1886,2
Frame 3468
483,840,860,1886,2
Frame 3469
483,840,860,1886,2
Frame 3470
483,840,860,1886,2
Frame 3471
483,840,860,1886,2
Frame 3472
483,840,860,1886,2
Frame 3473
483,840,860,1886,2
Frame 3474
483,840,860,1886,2
Frame 3475
483,840,860,1886,2
Frame 3476
483,840,860,1886,2
Frame 3477
483,840,860,1886,2
Frame 3478
483,840,860,1886,2
Frame 3479
483,840,860,1886,2
Frame 3480
483,840,860,1886,2
Frame 3481
483,840,860,1886,2
Frame 3482
483,840,860,1886,2
Frame 3483
483,840,860,1886,2
Frame 3484
483,840,860,1886,2
Frame 3485
483,840,860,1886,2
Frame 3486
483,840,860,1886,2
Frame 3487
483,840,860,1886,2
Frame 3488
483,840,860,1886,2
Frame 3489
483,840,860,1886,2
Frame 3490
483,840,860,1886,2
Frame 3491
483,840,860,1886,2
Frame 3492
483,840,860,1886,2
Frame 3493
483,840,860,1886,2
Frame 3494
483,840,860,1886,2
Frame 3495
483,840,860,1886,2
Frame 3496
483,840,860,1886,2
Frame 3497
483,840,860,1886,2
Frame 3498
483,840,860,1886,2
Frame 3499
483,840,860,1886,2
Frame 3500
483,840,860,1886,2
Frame 3501
483,840,860,1886,2
Frame 3502
483,840,860,1886,2
Frame 3503
483,840,860,1886,2
Frame 3504
483,840,860,1886,2
Frame 3505
483,840,860,1886,2
Frame 3506
430,890,803,1886,2
Frame 3507
430,890,803,1886,2
Frame 3508
430,890,803,1886,2
Frame 3509
430,890,803,1886,2
Frame 3510
430,890,803,1886,2
Frame 3511
430,890,803,1886,2
Frame 3512
430,890,803,1886,2
Frame 3513
430,890,803,1886,2
Frame 3514
430,890,803,1886,2
Frame 3515
430,890,803,1886,2
Frame 3516
430,890,803,1886,2
Frame 3517
430,890,803,1886,2
Frame 3518
430,890,803,1886,2
Frame 3519
430,890,803,1886,2
Frame 3520
430,890,803,1886,2
Frame 3521
430,890,803,1886,2
Frame 3522
430,890,803,1886,2
Frame 3523
430,890,803,1886,2
Frame 3524
430,890,803,1886,2
Frame 3525
430,890,803,1886,2
Frame 3526
430,890,803,1886,2
Frame 3527
430,890,803,1886,2
Frame 3528
430,890,803,1886,2
Frame 3529
430,890,803,1886,2
Frame 3530
430,890,803,1886,2
Frame 3531
430,890,803,1886,2
Frame 3532
430,890,803,1886,2
Frame 3533
430,890,803,1886,2
Frame 3534
430,890,803,1886,2
Frame 3535
430,890,803,1886,2
Frame 3536
430,890,803,1886,2
Frame 3537
430,890,803,1886,2
Frame 3538
430,890,803,1886,2
Frame 3539
430,890,803,1886,2
Frame 3540
430,890,803,1886,2
Frame 3541
430,890,803,1886,2
Frame 3542
430,890,803,1886,2
Frame 3543
430,890,803,1886,2
Frame 3544
430,890,803,1886,2
Frame 3545
430,890,803,1886,2
Frame 3546
430,890,803,1886,2
Frame 3547
430,890,803,1886,2
Frame 3548
430,890,803,1886,2
Frame 3549
430,890,803,1886,2
Frame 3550
430,890,803,1886,2
Frame 3551
516,900,863,1886,2
Frame 3552
516,900,863,1886,2
Frame 3553
516,900,863,1886,2
Frame 3554
516,900,863,1886,2
Frame 3555
516,900,863,1886,2
Frame 3556
516,900,863,1886,2
Frame 3557
516,900,863,1886,2
Frame 3558
516,900,863,1886,2
Frame 3559
516,900,863,1886,2
Frame 3560
516,900,863,1886,2
Frame 3561
516,900,863,1886,2
Frame 3562
516,900,863,1886,2
Frame 3563
516,900,863,1886,2
Frame 3564
516,900,863,1886,2
Frame 3565
516,900,863,1886,2
Frame 3566
516,900,863,1886,2
Frame 3567
516,900,863,1886,2
Frame 3568
516,900,863,1886,2
Frame 3569
516,900,863,1886,2
Frame 3570
516,900,863,1886,2
Frame 3571
516,900,863,1886,2
Frame 3572
546,843,910,1900,2
Frame 3573
546,843,910,1900,2
Frame 3574
546,843,910,1900,2
Frame 3575
546,843,910,1900,2
Frame 3576
546,843,910,1900,2
Frame 3577
546,843,910,1900,2
Frame 3578
546,843,910,1900,2
Frame 3579
546,843,910,1900,2
Frame 3580
546,843,910,1900,2
Frame 3581
546,843,910,1900,2
Frame 3582
546,843,910,1900,2
Frame 3583
546,843,910,1900,2
Frame 3584
546,843,910,1900,2
Frame 3585
546,843,910,1900,2
Frame 3586
546,843,910,1900,2
Frame 3587
546,843,910,1900,2
Frame 3588
546,843,910,1900,2
Frame 3589
546,843,910,1900,2
Frame 3590
546,843,910,1900,2
Frame 3591
546,843,910,1900,2
Frame 3592
546,843,910,1900,2
Frame 3593
546,843,910,1900,2
Frame 3594
546,843,910,1900,2
Frame 3595
546,843,910,1900,2
Frame 3596
546,843,910,1900,2
Frame 3597
546,843,910,1900,2
Frame 3598
546,843,910,1900,2
Frame 3599
546,843,910,1900,2
Frame 3600
546,843,910,1900,2
Frame 3601
546,843,910,1900,2
Frame 3602
546,843,910,1900,2
Frame 3603
546,843,910,1900,2
Frame 3604
546,843,910,1900,2
Frame 3605
546,843,910,1900,2
Frame 3606
546,843,910,1900,2
Frame 3607
546,843,910,1900,2
Frame 3608
546,843,910,1900,2
Frame 3609
546,843,910,1900,2
Frame 3610
546,843,910,1900,2
Frame 3611
546,843,910,1900,2
Frame 3612
546,843,910,1900,2
Frame 3613
546,843,910,1900,2
Frame 3614
546,843,910,1900,2
Frame 3615
546,843,910,1900,2
Frame 3616
546,843,910,1900,2
Frame 3617
546,843,910,1900,2
Frame 3618
546,843,910,1900,2
Frame 3619
546,843,910,1900,2
Frame 3620
546,843,910,1900,2
Frame 3621
546,843,910,1900,2
Frame 3622
546,843,910,1900,2
Frame 3623
546,843,910,1900,2
Frame 3624
546,843,910,1900,2
Frame 3625
546,843,910,1900,2
Frame 3626
546,843,910,1900,2
Frame 3627
546,843,910,1900,2
Frame 3628
546,843,910,1900,2
Frame 3629
546,843,910,1900,2
Frame 3630
546,843,910,1900,2
Frame 3631
546,843,910,1900,2
Frame 3632
546,843,910,1900,2
Frame 3633
546,843,910,1900,2
Frame 3634
493,853,873,1890,2
Frame 3635
493,853,873,1890,2
Frame 3636
493,853,873,1890,2
Frame 3637
493,853,873,1890,2
Frame 3638
493,853,873,1890,2
Frame 3639
493,853,873,1890,2
Frame 3640
493,853,873,1890,2
Frame 3641
493,853,873,1890,2
Frame 3642
493,853,873,1890,2
Frame 3643
493,853,873,1890,2
Frame 3644
493,853,873,1890,2
Frame 3645
493,853,873,1890,2
Frame 3646
493,853,873,1890,2
Frame 3647
493,853,873,1890,2
Frame 3648
493,853,873,1890,2
Frame 3649
493,853,873,1890,2
Frame 3650
493,853,873,1890,2
Frame 3651
493,853,873,1890,2
Frame 3652
493,853,873,1890,2
Frame 3653
493,853,873,1890,2
Frame 3654
493,853,873,1890,2
Frame 3655
416,883,840,1860,2
Frame 3656
416,883,840,1860,2
Frame 3657
416,883,840,1860,2
Frame 3658
416,883,840,1860,2
Frame 3659
416,883,840,1860,2
Frame 3660
416,883,840,1860,2
Frame 3661
416,883,840,1860,2
Frame 3662
416,883,840,1860,2
Frame 3663
416,883,840,1860,2
Frame 3664
416,883,840,1860,2
Frame 3665
416,883,840,1860,2
Frame 3666
416,883,840,1860,2
Frame 3667
416,883,840,1860,2
Frame 3668
416,883,840,1860,2
Frame 3669
416,883,840,1860,2
Frame 3670
416,883,840,1860,2
Frame 3671
416,883,840,1860,2
Frame 3672
416,883,840,1860,2
Frame 3673
416,883,840,1860,2
Frame 3674
416,883,840,1860,2
Frame 3675
416,883,840,1860,2
Frame 3676
416,883,840,1860,2
Frame 3677
416,883,840,1860,2
Frame 3678
416,883,840,1860,2
Frame 3679
416,883,840,1860,2
Frame 3680
416,883,840,1860,2
Frame 3681
416,883,840,1860,2
Frame 3682
416,883,840,1860,2
Frame 3683
383,900,800,1876,2
Frame 3684
383,900,800,1876,2
Frame 3685
383,900,800,1876,2
Frame 3686
383,900,800,1876,2
Frame 3687
383,900,800,1876,2
Frame 3688
383,900,800,1876,2
Frame 3689
383,900,800,1876,2
Frame 3690
383,900,800,1876,2
Frame 3691
383,900,800,1876,2
Frame 3692
383,900,800,1876,2
Frame 3693
383,900,800,1876,2
Frame 3694
383,900,800,1876,2
Frame 3695
383,900,800,1876,2
Frame 3696
383,900,800,1876,2
Frame 3697
383,900,800,1876,2
Frame 3698
383,900,800,1876,2
Frame 3699
383,900,800,1876,2
Frame 3700
383,900,800,1876,2
Frame 3701
383,900,800,1876,2
Frame 3702
383,900,800,1876,2
Frame 3703
383,900,800,1876,2
Frame 3704
383,900,800,1876,2
Frame 3705
383,900,800,1876,2
Frame 3706
383,900,800,1876,2
Frame 3707
383,900,800,1876,2
Frame 3708
383,900,800,1876,2
Frame 3709
383,900,800,1876,2
Frame 3710
383,900,800,1876,2
Frame 3711
383,900,800,1876,2
Frame 3712
383,900,800,1876,2
Frame 3713
383,900,800,1876,2
Frame 3714
383,900,800,1876,2
Frame 3715
383,900,800,1876,2
Frame 3716
383,900,800,1876,2
Frame 3717
383,900,800,1876,2
Frame 3718
383,900,800,1876,2
Frame 3719
383,900,800,1876,2
Frame 3720
383,900,800,1876,2
Frame 3721
383,900,800,1876,2
Frame 3722
383,900,800,1876,2
Frame 3723
383,900,800,1876,2
Frame 3724
383,900,800,1876,2
Frame 3725
383,900,800,1876,2
Frame 3726
383,900,800,1876,2
Frame 3727
383,900,800,1876,2
Frame 3728
383,900,800,1876,2
Frame 3729
383,900,800,1876,2
Frame 3730
383,900,800,1876,2
Frame 3731
383,900,800,1876,2
Frame 3732
383,900,800,1876,2
Frame 3733
383,900,800,1876,2
Frame 3734
383,900,800,1876,2
Frame 3735
383,900,800,1876,2
Frame 3736
383,900,800,1876,2
Frame 3737
383,900,800,1876,2
Frame 3738
383,900,800,1876,2
Frame 3739
383,900,800,1876,2
Frame 3740
383,900,800,1876,2
Frame 3741
383,900,800,1876,2
Frame 3742
383,900,800,1876,2
Frame 3743
383,900,800,1876,2
Frame 3744
383,900,800,1876,2
Frame 3745
383,900,800,1876,2
Frame 3746
383,900,800,1876,2
Frame 3747
383,900,800,1876,2
Frame 3748
383,900,800,1876,2
Frame 3749
383,900,800,1876,2
Frame 3750
383,900,800,1876,2
Frame 3751
383,900,800,1876,2
Frame 3752
383,900,800,1876,2
Frame 3753
383,900,800,1876,2
Frame 3754
486,860,850,1886,2
Frame 3755
486,860,850,1886,2
Frame 3756
486,860,850,1886,2
Frame 3757
486,860,850,1886,2
Frame 3758
486,860,850,1886,2
Frame 3759
486,860,850,1886,2
Frame 3760
486,860,850,1886,2
Frame 3761
486,860,850,1886,2
Frame 3762
486,860,850,1886,2
Frame 3763
486,860,850,1886,2
Frame 3764
486,860,850,1886,2
Frame 3765
486,860,850,1886,2
Frame 3766
486,860,850,1886,2
Frame 3767
486,860,850,1886,2
Frame 3768
486,860,850,1886,2
Frame 3769
486,860,850,1886,2
Frame 3770
486,860,850,1886,2
Frame 3771
486,860,850,1886,2
Frame 3772
486,860,850,1886,2
Frame 3773
486,860,850,1886,2
Frame 3774
486,860,850,1886,2
Frame 3775
486,860,850,1886,2
Frame 3776
486,860,850,1886,2
Frame 3777
486,860,850,1886,2
Frame 3778
486,860,850,1886,2
Frame 3779
486,860,850,1886,2
Frame 3780
486,860,850,1886,2
Frame 3781
486,860,850,1886,2
Frame 3782
486,860,850,1886,2
Frame 3783
486,860,850,1886,2
Frame 3784
486,860,850,1886,2
Frame 3785
486,860,850,1886,2
Frame 3786
486,860,850,1886,2
Frame 3787
486,860,850,1886,2
Frame 3788
486,860,850,1886,2
Frame 3789
486,860,850,1886,2
Frame 3790
486,860,850,1886,2
Frame 3791
486,860,850,1886,2
Frame 3792
486,860,850,1886,2
Frame 3793
486,860,850,1886,2
Frame 3794
486,860,850,1886,2
Frame 3795
526,806,866,1890,2
Frame 3796
526,806,866,1890,2
Frame 3797
526,806,866,1890,2
Frame 3798
526,806,866,1890,2
Frame 3799
526,806,866,1890,2
Frame 3800
526,806,866,1890,2
Frame 3801
526,806,866,1890,2
Frame 3802
526,806,866,1890,2
Frame 3803
526,806,866,1890,2
Frame 3804
526,806,866,1890,2
Frame 3805
526,806,866,1890,2
Frame 3806
526,806,866,1890,2
Frame 3807
526,806,866,1890,2
Frame 3808
526,806,866,1890,2
Frame 3809
526,806,866,1890,2
Frame 3810
526,806,866,1890,2
Frame 3811
526,806,866,1890,2
Frame 3812
526,806,866,1890,2
Frame 3813
526,806,866,1890,2
Frame 3814
526,806,866,1890,2
Frame 3815
526,806,866,1890,2
Frame 3816
526,806,866,1890,2
Frame 3817
526,806,866,1890,2
Frame 3818
526,806,866,1890,2
Frame 3819
526,806,866,1890,2
Frame 3820
526,806,866,1890,2
Frame 3821
526,806,866,1890,2
Frame 3822
526,806,866,1890,2
Frame 3823
526,806,866,1890,2
Frame 3824
526,806,866,1890,2
Frame 3825
526,806,866,1890,2
Frame 3826
526,806,866,1890,2
Frame 3827
526,806,866,1890,2
Frame 3828
526,806,866,1890,2
Frame 3829
526,806,866,1890,2
Frame 3830
526,806,866,1890,2
Frame 3831
526,806,866,1890,2
Frame 3832
526,806,866,1890,2
Frame 3833
526,806,866,1890,2
Frame 3834
526,806,866,1890,2
Frame 3835
526,806,866,1890,2
Frame 3836
526,806,866,1890,2
Frame 3837
526,806,866,1890,2
Frame 3838
526,806,866,1890,2
Frame 3839
526,806,866,1890,2
Frame 3840
526,806,866,1890,2
Frame 3841
526,806,866,1890,2
Frame 3842
526,806,866,1890,2
Frame 3843
526,806,866,1890,2
Frame 3844
526,806,866,1890,2
Frame 3845
460,830,810,1880,2
Frame 3846
460,830,810,1880,2
Frame 3847
460,830,810,1880,2
Frame 3848
460,830,810,1880,2
Frame 3849
460,830,810,1880,2
Frame 3850
460,830,810,1880,2
Frame 3851
460,830,810,1880,2
Frame 3852
460,830,810,1880,2
Frame 3853
460,830,810,1880,2
Frame 3854
460,830,810,1880,2
Frame 3855
460,830,810,1880,2
Frame 3856
460,830,810,1880,2
Frame 3857
460,830,810,1880,2
Frame 3858
460,830,810,1880,2
Frame 3859
460,830,810,1880,2
Frame 3860
460,830,810,1880,2
Frame 3861
460,830,810,1880,2
Frame 3862
460,830,810,1880,2
Frame 3863
460,830,810,1880,2
Frame 3864
460,830,810,1880,2
Frame 3865
460,830,810,1880,2
Frame 3866
460,830,810,1880,2
Frame 3867
460,830,810,1880,2
Frame 3868
460,830,810,1880,2
Frame 3869
460,830,810,1880,2
Frame 3870
460,830,810,1880,2
Frame 3871
460,830,810,1880,2
Frame 3872
460,830,810,1880,2
Frame 3873
460,830,810,1880,2
Frame 3874
460,830,810,1880,2
Frame 3875
460,830,810,1880,2
Frame 3876
460,830,810,1880,2
Frame 3877
460,830,810,1880,2
Frame 3878
460,830,810,1880,2
Frame 3879
460,830,810,1880,2
Frame 3880
460,830,810,1880,2
Frame 3881
460,830,810,1880,2
Frame 3882
460,830,810,1880,2
Frame 3883
460,830,810,1880,2
Frame 3884
460,830,810,1880,2
Frame 3885
460,830,810,1880,2
Frame 3886
460,830,810,1880,2
Frame 3887
460,830,810,1880,2
Frame 3888
460,830,810,1880,2
Frame 3889
460,830,810,1880,2
Frame 3890
460,830,810,1880,2
Frame 3891
460,830,810,1880,2
Frame 3892
460,830,810,1880,2
Frame 3893
460,830,810,1880,2
Frame 3894
460,830,810,1880,2
Frame 3895
460,830,810,1880,2
Frame 3896
460,830,810,1880,2
Frame 3897
460,830,810,1880,2
Frame 3898
460,830,810,1880,2
Frame 3899
460,830,810,1880,2
Frame 3900
460,830,810,1880,2
Frame 3901
460,830,810,1880,2
Frame 3902
460,830,810,1880,2
Frame 3903
460,830,810,1880,2
Frame 3904
460,830,810,1880,2
Frame 3905
460,830,810,1880,2
Frame 3906
460,830,810,1880,2
Frame 3907
460,830,810,1880,2
Frame 3908
460,830,810,1880,2
Frame 3909
460,830,810,1880,2
Frame 3910
460,830,810,1880,2
Frame 3911
460,830,810,1880,2
Frame 3912
460,830,810,1880,2
Frame 3913
460,830,810,1880,2
Frame 3914
460,830,810,1880,2
Frame 3915
460,830,810,1880,2
Frame 3916
460,830,810,1880,2
Frame 3917
460,830,810,1880,2
Frame 3918
460,830,810,1880,2
Frame 3919
460,830,810,1880,2
Frame 3920
460,830,810,1880,2
Frame 3921
460,830,810,1880,2
Frame 3922
460,830,810,1880,2
Frame 3923
460,830,810,1880,2
Frame 3924
460,830,810,1880,2
Frame 3925
460,830,810,1880,2
Frame 3926
460,830,810,1880,2
Frame 3927
460,830,810,1880,2
Frame 3928
460,830,810,1880,2
Frame 3929
460,830,810,1880,2
Frame 3930
460,830,810,1880,2
Frame 3931
460,830,810,1880,2
Frame 3932
460,830,810,1880,2
Frame 3933
460,830,810,1880,2
Frame 3934
460,830,810,1880,2
Frame 3935
460,830,810,1880,2
Frame 3936
460,830,810,1880,2
Frame 3937
460,830,810,1880,2
Frame 3938
460,830,810,1880,2
Frame 3939
460,830,810,1880,2
Frame 3940
460,830,810,1880,2
Frame 3941
460,830,810,1880,2
Frame 3942
460,830,810,1880,2
Frame 3943
460,830,810,1880,2
Frame 3944
460,830,810,1880,2
Frame 3945
460,830,810,1880,2
Frame 3946
460,830,810,1880,2
Frame 3947
460,830,810,1880,2
Frame 3948
460,830,810,1880,2
Frame 3949
460,830,810,1880,2
Frame 3950
460,830,810,1880,2
Frame 3951
460,830,810,1880,2
Frame 3952
460,830,810,1880,2
Frame 3953
460,830,810,1880,2
Frame 3954
460,830,810,1880,2
Frame 3955
460,830,810,1880,2
Frame 3956
460,830,810,1880,2
Frame 3957
460,830,810,1880,2
Frame 3958
460,830,810,1880,2
Frame 3959
460,830,810,1880,2
Frame 3960
460,830,810,1880,2
Frame 3961
460,830,810,1880,2
Frame 3962
460,830,810,1880,2
Frame 3963
460,830,810,1880,2
Frame 3964
460,830,810,1880,2
Frame 3965
460,830,810,1880,2
Frame 3966
460,830,810,1880,2
Frame 3967
460,830,810,1880,2
Frame 3968
460,830,810,1880,2
Frame 3969
460,830,810,1880,2
Frame 3970
460,830,810,1880,2
Frame 3971
460,830,810,1880,2
Frame 3972
460,830,810,1880,2
Frame 3973
460,830,810,1880,2
Frame 3974
460,830,810,1880,2
Frame 3975
460,830,810,1880,2
Frame 3976
460,830,810,1880,2
Frame 3977
460,830,810,1880,2
Frame 3978
460,830,810,1880,2
Frame 3979
460,830,810,1880,2
Frame 3980
460,830,810,1880,2
Frame 3981
460,830,810,1880,2
Frame 3982
460,830,810,1880,2
Frame 3983
460,830,810,1880,2
Frame 3984
460,830,810,1880,2
Frame 3985
460,830,810,1880,2
Frame 3986
460,830,810,1880,2
Frame 3987
460,830,810,1880,2
Frame 3988
460,830,810,1880,2
Frame 3989
460,830,810,1880,2
Frame 3990
460,830,810,1880,2
Frame 3991
460,830,810,1880,2
Frame 3992
460,830,810,1880,2
Frame 3993
460,830,810,1880,2
Frame 3994
460,830,810,1880,2
Frame 3995
460,830,810,1880,2
Frame 3996
460,830,810,1880,2
Frame 3997
460,830,810,1880,2
Frame 3998
460,830,810,1880,2
Frame 3999
460,830,810,1880,2
Frame 4000
460,830,810,1880,2
Frame 4001
460,830,810,1880,2
Frame 4002
460,830,810,1880,2
Frame 4003
460,830,810,1880,2
Frame 4004
460,830,810,1880,2
Frame 4005
460,830,810,1880,2
Frame 4006
460,830,810,1880,2
Frame 4007
460,830,810,1880,2
Frame 4008
460,830,810,1880,2
Frame 4009
460,830,810,1880,2
Frame 4010
460,830,810,1880,2
Frame 4011
460,830,810,1880,2
Frame 4012
460,830,810,1880,2
Frame 4013
460,830,810,1880,2
Frame 4014
460,830,810,1880,2
Frame 4015
460,830,810,1880,2
Frame 4016
460,830,810,1880,2
Frame 4017
460,830,810,1880,2
Frame 4018
460,830,810,1880,2
Frame 4019
460,830,810,1880,2
Frame 4020
460,830,810,1880,2
Frame 4021
460,830,810,1880,2
Frame 4022
460,830,810,1880,2
Frame 4023
460,830,810,1880,2
Frame 4024
460,830,810,1880,2
Frame 4025
460,830,810,1880,2
Frame 4026
460,830,810,1880,2
Frame 4027
460,830,810,1880,2
Frame 4028
460,830,810,1880,2
Frame 4029
460,830,810,1880,2
Frame 4030
460,830,810,1880,2
Frame 4031
460,830,810,1880,2
Frame 4032
460,830,810,1880,2
Frame 4033
460,830,810,1880,2
Frame 4034
460,830,810,1880,2
Frame 4035
460,830,810,1880,2
Frame 4036
460,830,810,1880,2
Frame 4037
460,830,810,1880,2
Frame 4038
460,830,810,1880,2
Frame 4039
460,830,810,1880,2
Frame 4040
460,830,810,1880,2
Frame 4041
460,830,810,1880,2
Frame 4042
460,830,810,1880,2
Frame 4043
460,830,810,1880,2
Frame 4044
460,830,810,1880,2
Frame 4045
460,830,810,1880,2
Frame 4046
460,830,810,1880,2
Frame 4047
460,830,810,1880,2
Frame 4048
460,830,810,1880,2
Frame 4049
460,830,810,1880,2
Frame 4050
460,830,810,1880,2
Frame 4051
460,830,810,1880,2
Frame 4052
460,830,810,1880,2
Frame 4053
460,830,810,1880,2
Frame 4054
460,830,810,1880,2
Frame 4055
460,830,810,1880,2
Frame 4056
460,830,810,1880,2
Frame 4057
460,830,810,1880,2
Frame 4058
460,830,810,1880,2
Frame 4059
460,830,810,1880,2
Frame 4060
460,830,810,1880,2
Frame 4061
460,830,810,1880,2
Frame 4062
460,830,810,1880,2
Frame 4063
460,830,810,1880,2
Frame 4064
460,830,810,1880,2
Frame 4065
460,830,810,1880,2
Frame 4066
460,830,810,1880,2
Frame 4067
460,830,810,1880,2
Frame 4068
460,830,810,1880,2
Frame 4069
460,830,810,1880,2
Frame 4070
460,830,810,1880,2
Frame 4071
460,830,810,1880,2
Frame 4072
566,813,863,1850,2
Frame 4073
566,813,863,1850,2
Frame 4074
566,813,863,1850,2
Frame 4075
566,813,863,1850,2
Frame 4076
566,813,863,1850,2
Frame 4077
566,813,863,1850,2
Frame 4078
566,813,863,1850,2
Frame 4079
566,813,863,1850,2
Frame 4080
566,813,863,1850,2
Frame 4081
566,813,863,1850,2
Frame 4082
566,813,863,1850,2
Frame 4083
566,813,863,1850,2
Frame 4084
566,813,863,1850,2
Frame 4085
566,813,863,1850,2
Frame 4086
566,813,863,1850,2
Frame 4087
566,813,863,1850,2
Frame 4088
566,813,863,1850,2
Frame 4089
566,813,863,1850,2
Frame 4090
566,813,863,1850,2
Frame 4091
566,813,863,1850,2
Frame 4092
566,813,863,1850,2
Frame 4093
566,813,863,1850,2
Frame 4094
566,813,863,1850,2
Frame 4095
566,813,863,1850,2
Frame 4096
566,813,863,1850,2
Frame 4097
566,813,863,1850,2
Frame 4098
566,813,863,1850,2
Frame 4099
566,813,863,1850,2
Frame 4100
566,813,863,1850,2
Frame 4101
566,813,863,1850,2
Frame 4102
566,813,863,1850,2
Frame 4103
566,813,863,1850,2
Frame 4104
566,813,863,1850,2
Frame 4105
566,813,863,1850,2
Frame 4106
566,813,863,1850,2
Frame 4107
566,813,863,1850,2
Frame 4108
566,813,863,1850,2
Frame 4109
566,813,863,1850,2
Frame 4110
566,813,863,1850,2
Frame 4111
566,813,863,1850,2
Frame 4112
566,813,863,1850,2
Frame 4113
566,813,863,1850,2
Frame 4114
566,813,863,1850,2
Frame 4115
566,813,863,1850,2
Frame 4116
566,813,863,1850,2
Frame 4117
566,813,863,1850,2
Frame 4118
566,813,863,1850,2
Frame 4119
566,813,863,1850,2
Frame 4120
566,813,863,1850,2
Frame 4121
566,813,863,1850,2
Frame 4122
566,813,863,1850,2
Frame 4123
566,813,863,1850,2
Frame 4124
566,813,863,1850,2
Frame 4125
566,813,863,1850,2
Frame 4126
566,813,863,1850,2
Frame 4127
566,813,863,1850,2
Frame 4128
566,813,863,1850,2
Frame 4129
566,813,863,1850,2
Frame 4130
566,813,863,1850,2
Frame 4131
566,813,863,1850,2
Frame 4132
566,813,863,1850,2
Frame 4133
566,813,863,1850,2
Frame 4134
566,813,863,1850,2
Frame 4135
566,813,863,1850,2
Frame 4136
566,813,863,1850,2
Frame 4137
566,813,863,1850,2
Frame 4138
566,813,863,1850,2
Frame 4139
566,813,863,1850,2
Frame 4140
566,813,863,1850,2
Frame 4141
566,813,863,1850,2
Frame 4142
566,813,863,1850,2
Frame 4143
566,813,863,1850,2
Frame 4144
566,813,863,1850,2
Frame 4145
566,813,863,1850,2
Frame 4146
566,813,863,1850,2
Frame 4147
566,813,863,1850,2
Frame 4148
566,813,863,1850,2
Frame 4149
566,813,863,1850,2
Frame 4150
566,813,863,1850,2
Frame 4151
566,813,863,1850,2
Frame 4152
566,813,863,1850,2
Frame 4153
566,813,863,1850,2
Frame 4154
566,813,863,1850,2
Frame 4155
566,813,863,1850,2
Frame 4156
566,813,863,1850,2
Frame 4157
566,813,863,1850,2
Frame 4158
566,813,863,1850,2
Frame 4159
566,813,863,1850,2
Frame 4160
566,813,863,1850,2
Frame 4161
566,813,863,1850,2
Frame 4162
566,813,863,1850,2
Frame 4163
566,813,863,1850,2
Frame 4164
566,813,863,1850,2
Frame 4165
566,813,863,1850,2
Frame 4166
516,803,850,1836,2
Frame 4167
516,803,850,1836,2
Frame 4168
516,803,850,1836,2
Frame 4169
516,803,850,1836,2
Frame 4170
516,803,850,1836,2
Frame 4171
516,803,850,1836,2
Frame 4172
516,803,850,1836,2
Frame 4173
516,803,850,1836,2
Frame 4174
516,803,850,1836,2
Frame 4175
516,803,850,1836,2
Frame 4176
516,803,850,1836,2
Frame 4177
516,803,850,1836,2
Frame 4178
516,803,850,1836,2
Frame 4179
516,803,850,1836,2
Frame 4180
516,803,850,1836,2
Frame 4181
516,803,850,1836,2
Frame 4182
516,803,850,1836,2
Frame 4183
516,803,850,1836,2
Frame 4184
516,803,850,1836,2
Frame 4185
516,803,850,1836,2
Frame 4186
516,803,850,1836,2
Frame 4187
516,803,850,1836,2
Frame 4188
516,803,850,1836,2
Frame 4189
516,803,850,1836,2
Frame 4190
450,830,823,1846,2
Frame 4191
450,830,823,1846,2
Frame 4192
450,830,823,1846,2
Frame 4193
450,830,823,1846,2
Frame 4194
450,830,823,1846,2
Frame 4195
450,830,823,1846,2
Frame 4196
450,830,823,1846,2
Frame 4197
450,830,823,1846,2
Frame 4198
450,830,823,1846,2
Frame 4199
450,830,823,1846,2
Frame 4200
450,830,823,1846,2
Frame 4201
450,830,823,1846,2
Frame 4202
450,830,823,1846,2
Frame 4203
450,830,823,1846,2
Frame 4204
450,830,823,1846,2
Frame 4205
450,830,823,1846,2
Frame 4206
450,830,823,1846,2
Frame 4207
450,830,823,1846,2
Frame 4208
450,830,823,1846,2
Frame 4209
450,830,823,1846,2
Frame 4210
346,840,796,1853,2
Frame 4211
346,840,796,1853,2
Frame 4212
346,840,796,1853,2
Frame 4213
346,840,796,1853,2
Frame 4214
346,840,796,1853,2
Frame 4215
346,840,796,1853,2
Frame 4216
346,840,796,1853,2
Frame 4217
346,840,796,1853,2
Frame 4218
346,840,796,1853,2
Frame 4219
346,840,796,1853,2
Frame 4220
346,840,796,1853,2
Frame 4221
346,840,796,1853,2
Frame 4222
346,840,796,1853,2
Frame 4223
346,840,796,1853,2
Frame 4224
346,840,796,1853,2
Frame 4225
346,840,796,1853,2
Frame 4226
346,840,796,1853,2
Frame 4227
346,840,796,1853,2
Frame 4228
346,840,796,1853,2
Frame 4229
346,840,796,1853,2
Frame 4230
346,840,796,1853,2
Frame 4231
346,840,796,1853,2
Frame 4232
346,840,796,1853,2
Frame 4233
346,840,796,1853,2
Frame 4234
346,840,796,1853,2
Frame 4235
346,840,796,1853,2
Frame 4236
346,840,796,1853,2
Frame 4237
340,826,690,1866,2
Frame 4238
340,826,690,1866,2
Frame 4239
340,826,690,1866,2
Frame 4240
340,826,690,1866,2
Frame 4241
340,826,690,1866,2
Frame 4242
340,826,690,1866,2
Frame 4243
340,826,690,1866,2
Frame 4244
340,826,690,1866,2
Frame 4245
340,826,690,1866,2
Frame 4246
340,826,690,1866,2
Frame 4247
340,826,690,1866,2
Frame 4248
340,826,690,1866,2
Frame 4249
340,826,690,1866,2
Frame 4250
340,826,690,1866,2
Frame 4251
340,826,690,1866,2
Frame 4252
340,826,690,1866,2
Frame 4253
340,826,690,1866,2
Frame 4254
340,826,690,1866,2
Frame 4255
340,826,690,1866,2
Frame 4256
340,826,690,1866,2
Frame 4257
340,826,690,1866,2
Frame 4258
343,790,666,1840,2
Frame 4259
343,790,666,1840,2
Frame 4260
343,790,666,1840,2
Frame 4261
343,790,666,1840,2
Frame 4262
343,790,666,1840,2
Frame 4263
343,790,666,1840,2
Frame 4264
343,790,666,1840,2
Frame 4265
343,790,666,1840,2
Frame 4266
343,790,666,1840,2
Frame 4267
343,790,666,1840,2
Frame 4268
343,790,666,1840,2
Frame 4269
343,790,666,1840,2
Frame 4270
343,790,666,1840,2
Frame 4271
343,790,666,1840,2
Frame 4272
343,790,666,1840,2
Frame 4273
343,790,666,1840,2
Frame 4274
343,790,666,1840,2
Frame 4275
343,790,666,1840,2
Frame 4276
343,790,666,1840,2
Frame 4277
343,790,666,1840,2
Frame 4278
280,783,596,1803,2
Frame 4279
280,783,596,1803,2
Frame 4280
280,783,596,1803,2
Frame 4281
280,783,596,1803,2
Frame 4282
280,783,596,1803,2
Frame 4283
280,783,596,1803,2
Frame 4284
280,783,596,1803,2
Frame 4285
280,783,596,1803,2
Frame 4286
280,783,596,1803,2
Frame 4287
280,783,596,1803,2
Frame 4288
280,783,596,1803,2
Frame 4289
280,783,596,1803,2
Frame 4290
280,783,596,1803,2
Frame 4291
173,770,560,1816,2
Frame 4292
173,770,560,1816,2
Frame 4293
173,770,560,1816,2
Frame 4294
173,770,560,1816,2
Frame 4295
173,770,560,1816,2
Frame 4296
173,770,560,1816,2
Frame 4297
173,770,560,1816,2
Frame 4298
173,770,560,1816,2
Frame 4299
173,770,560,1816,2
Frame 4300
173,770,560,1816,2
Frame 4301
76,743,483,1693,2
Frame 4302
76,743,483,1693,2
Frame 4303
76,743,483,1693,2
Frame 4304
76,743,483,1693,2
Frame 4305
76,743,483,1693,2
Frame 4306
76,743,483,1693,2
Frame 4307
76,743,483,1693,2
Frame 4308
76,743,483,1693,2
Frame 4309
76,743,483,1693,2
Frame 4310
76,743,483,1693,2
Frame 4311
76,743,483,1693,2
Frame 4312
76,743,483,1693,2
Frame 4313
76,743,483,1693,2
Frame 4314
76,743,483,1693,2
Frame 4315
76,743,483,1693,2
Frame 4316
76,743,483,1693,2
Frame 4317
76,743,483,1693,2
Frame 4318
76,743,483,1693,2
Frame 4319
86,723,403,1640,2
Frame 4320
86,723,403,1640,2
Frame 4321
86,723,403,1640,2
Frame 4322
86,723,403,1640,2
Frame 4323
86,723,403,1640,2
Frame 4324
86,723,403,1640,2
Frame 4325
86,723,403,1640,2
Frame 4326
86,723,403,1640,2
Frame 4327
86,723,403,1640,2
Frame 4328
86,723,403,1640,2
Frame 4329
86,723,403,1640,2
Frame 4330
86,723,403,1640,2
Frame 4331
86,723,403,1640,2
Frame 4332
86,723,403,1640,2
Frame 4333
86,723,403,1640,2
Frame 4334
86,723,403,1640,2
Frame 4335
86,723,403,1640,2
Frame 4336
86,723,403,1640,2
Frame 4337
86,723,403,1640,2
Frame 4338
86,723,403,1640,2
Frame 4339
86,723,403,1640,2
Frame 4340
86,723,403,1640,2
Frame 4341
86,723,403,1640,2
Frame 4342
146,686,390,1550,2
Frame 4343
146,686,390,1550,2
Frame 4344
146,686,390,1550,2
Frame 4345
146,686,390,1550,2
Frame 4346
146,686,390,1550,2
Frame 4347
146,686,390,1550,2
Frame 4348
146,686,390,1550,2
Frame 4349
146,686,390,1550,2
Frame 4350
146,686,390,1550,2
Frame 4351
146,686,390,1550,2
Frame 4352
90,650,373,1506,2
Frame 4353
90,650,373,1506,2
Frame 4354
90,650,373,1506,2
Frame 4355
90,650,373,1506,2
Frame 4356
90,650,373,1506,2
Frame 4357
90,650,373,1506,2
Frame 4358
90,650,373,1506,2
Frame 4359
90,650,373,1506,2
Frame 4360
90,650,373,1506,2
Frame 4361
90,650,373,1506,2
Frame 4362
90,650,373,1506,2
Frame 4363
90,650,373,1506,2
Frame 4364
90,650,373,1506,2
Frame 4365
90,650,373,1506,2
Frame 4366
90,650,373,1506,2
Frame 4367
70,626,303,1140,2
Frame 4368
70,626,303,1140,2
Frame 4369
70,626,303,1140,2
Frame 4370
70,626,303,1140,2
Frame 4371
70,626,303,1140,2
Frame 4372
70,626,303,1140,2
Frame 4373
70,626,303,1140,2
Frame 4405
10,633,153,936,2
Frame 4406
10,633,153,936,2
Frame 4407
10,633,153,936,2
Frame 4408
10,633,153,936,2
Frame 4409
10,633,153,936,2
Frame 4410
10,633,153,936,2
Frame 4411
10,633,153,936,2
Frame 4412
10,633,153,936,2
Frame 4413
10,633,153,936,2
Frame 4600
13,650,130,903,2
Frame 4601
13,650,130,903,2
Frame 4602
13,650,130,903,2
Frame 4603
13,650,130,903,2
Frame 4604
13,650,130,903,2
Frame 4605
13,650,130,903,2
Frame 4606
13,650,130,903,2
Frame 4607
13,650,130,903,2
Frame 4608
13,650,130,903,2
Frame 4609
13,650,130,903,2
Frame 4610
13,650,130,903,2
Frame 4611
13,650,130,903,2
Frame 4612
13,650,130,903,2
Frame 4613
16,626,153,906,2
Frame 4614
16,626,153,906,2
Frame 4615
16,626,153,906,2
Frame 4616
16,626,153,906,2
Frame 4617
16,626,153,906,2
Frame 4618
16,626,153,906,2
Frame 4619
16,626,153,906,2
Frame 4620
16,626,153,906,2
Frame 4621
16,626,153,906,2
Frame 4622
16,626,153,906,2
Frame 5429
130,613,356,1036,2
Frame 5430
130,613,356,1036,2
Frame 5431
130,613,356,1036,2
Frame 5432
130,613,356,1036,2
Frame 5433
130,613,356,1036,2
Frame 5434
130,613,356,1036,2
Frame 5435
130,613,356,1036,2
Frame 5436
130,613,356,1036,2
Frame 5437
130,613,356,1036,2
Frame 5438
130,613,356,1036,2
Frame 5439
130,613,356,1036,2
Frame 5440
130,613,356,1036,2
Frame 5441
130,613,356,1036,2
Frame 5442
130,613,356,1036,2
Frame 5443
130,613,356,1036,2
Frame 5444
130,613,356,1036,2
Frame 5445
130,613,356,1036,2
Frame 5446
86,623,363,1370,2
Frame 5447
86,623,363,1370,2
Frame 5448
86,623,363,1370,2
Frame 5449
86,623,363,1370,2
Frame 5450
86,623,363,1370,2
Frame 5451
86,623,363,1370,2
Frame 5452
86,623,363,1370,2
Frame 5453
86,623,363,1370,2
Frame 5454
86,623,363,1370,2
Frame 5455
86,623,363,1370,2
Frame 5456
86,623,363,1370,2
Frame 5457
86,623,363,1370,2
Frame 5458
86,623,363,1370,2
Frame 5459
86,623,363,1370,2
Frame 5460
86,623,363,1370,2
Frame 5461
86,623,363,1370,2
Frame 5462
53,606,333,1356,2
Frame 5463
53,606,333,1356,2
Frame 5464
53,606,333,1356,2
Frame 5465
53,606,333,1356,2
Frame 5466
53,606,333,1356,2
Frame 5467
53,606,333,1356,2
Frame 5468
53,606,333,1356,2
Frame 5470
36,580,273,1326,2
Frame 5471
36,580,273,1326,2
Frame 5472
36,580,273,1326,2
Frame 5473
36,580,273,1326,2
Frame 5474
36,580,273,1326,2
Frame 5479
30,590,250,933,2
Frame 5480
30,590,250,933,2
Frame 5481
30,590,250,933,2
Frame 5482
30,590,250,933,2
Frame 5483
30,590,250,933,2
Frame 5484
30,590,250,933,2
Frame 5485
30,590,250,933,2
Frame 5486
13,590,233,1113,2
Frame 5487
13,590,233,1113,2
Frame 5488
13,590,233,1113,2
Frame 5489
13,590,233,1113,2
Frame 5490
13,590,233,1113,2
Frame 5491
13,590,233,1113,2
Frame 5492
10,593,200,1216,2
Frame 5493
10,593,200,1216,2
Frame 5494
10,593,200,1216,2
Frame 5495
10,593,200,1216,2
Frame 5496
10,593,200,1216,2
Frame 5776
16,483,110,800,2
Frame 5777
16,483,110,800,2
Frame 5778
16,483,110,800,2
Frame 5779
16,483,110,800,2
Frame 5780
16,483,110,800,2
Frame 5781
16,483,110,800,2
Frame 5782
16,483,110,800,2
Frame 5783
16,483,110,800,2
Frame 5784
16,483,110,800,2
Frame 5785
16,483,110,800,2
Frame 5786
16,483,110,800,2
Frame 5787
16,483,110,800,2
Frame 5788
16,483,110,800,2
Frame 5789
16,483,110,800,2
Frame 5790
16,483,110,800,2
Frame 5791
16,483,110,800,2
Frame 5792
16,483,110,800,2
Frame 5793
16,483,110,800,2
Frame 5794
16,483,110,800,2
Frame 5795
16,483,110,800,2
Frame 5796
16,483,110,800,2
Frame 5797
16,483,110,800,2
Frame 5798
16,483,110,800,2
Frame 5799
16,483,110,800,2
Frame 5800
16,483,110,800,2
Frame 5801
16,483,110,800,2
Frame 5802
16,483,110,800,2
Frame 5803
16,483,110,800,2
Frame 5804
16,483,110,800,2
Frame 5805
16,483,110,800,2
Frame 5806
23,470,130,743,2
Frame 5807
23,470,130,743,2
Frame 5808
23,470,130,743,2
Frame 5809
23,470,130,743,2
Frame 5810
23,470,130,743,2
Frame 5811
23,470,130,743,2
Frame 5812
23,470,130,743,2
Frame 5813
23,470,130,743,2
Frame 5814
23,470,130,743,2
Frame 5815
23,470,130,743,2
Frame 5816
23,470,130,743,2
Frame 5817
23,470,130,743,2
Frame 5818
23,470,130,743,2
Frame 5819
23,470,130,743,2
Frame 5820
10,466,100,766,2
Frame 5821
10,466,100,766,2
Frame 5822
10,466,100,766,2
Frame 5823
10,466,100,766,2
Frame 5824
10,466,100,766,2
Frame 5825
10,466,100,766,2
Frame 5826
10,466,100,766,2
Frame 5827
10,466,100,766,2
