Frame 1
143,1633,603,1916
Frame 2
143,1633,603,1916
Frame 3
143,1633,603,1916
Frame 4
143,1633,603,1916
Frame 5
230,1530,596,1910
Frame 6
230,1530,596,1910
Frame 7
230,1530,596,1910
Frame 8
230,1530,596,1910
Frame 9
286,1453,650,1913
Frame 10
286,1453,650,1913
Frame 11
286,1453,650,1913
Frame 12
286,1453,650,1913
Frame 13
286,1453,650,1913
Frame 14
286,1453,650,1913
Frame 15
446,1336,693,1906
Frame 16
446,1336,693,1906
Frame 17
446,1336,693,1906
Frame 18
446,1336,693,1906
Frame 19
446,1336,693,1906
Frame 20
446,1336,693,1906
Frame 21
366,1330,760,1896
Frame 22
366,1330,760,1896
Frame 23
366,1330,760,1896
Frame 24
366,1330,760,1896
Frame 25
366,1330,760,1896
Frame 26
366,1330,760,1896
Frame 27
366,1330,760,1896
Frame 28
613,1320,873,1900
Frame 29
613,1320,873,1900
Frame 30
613,1320,873,1900
Frame 31
613,1320,873,1900
Frame 32
613,1320,873,1900
Frame 33
613,1320,873,1900
Frame 34
613,1320,873,1900
Frame 35
613,1320,873,1900
Frame 36
613,1320,873,1900
Frame 37
613,1320,873,1900
Frame 38
613,1320,873,1900
Frame 39
613,1320,873,1900
Frame 40
613,1320,873,1900
Frame 41
613,1320,873,1900
Frame 42
543,1196,910,1916
Frame 43
543,1196,910,1916
Frame 44
543,1196,910,1916
Frame 45
543,1196,910,1916
Frame 46
543,1196,910,1916
Frame 47
450,1146,836,1896
Frame 48
450,1146,836,1896
Frame 49
450,1146,836,1896
Frame 50
450,1146,836,1896
Frame 51
413,1113,796,1863
Frame 52
413,1113,796,1863
Frame 53
413,1113,796,1863
Frame 54
383,1113,750,1903
Frame 55
383,1113,750,1903
Frame 56
383,1113,750,1903
Frame 57
383,1113,750,1903
Frame 58
383,1113,750,1903
Frame 59
423,1060,656,1816
Frame 60
423,1060,656,1816
Frame 61
423,1060,656,1816
Frame 62
423,1060,656,1816
Frame 63
423,1060,656,1816
Frame 64
423,1060,656,1816
Frame 65
423,1060,656,1816
Frame 66
423,1060,656,1816
Frame 67
346,970,643,1786
Frame 68
346,970,643,1786
Frame 69
346,970,643,1786
Frame 70
346,970,643,1786
Frame 71
346,970,643,1786
Frame 72
346,970,643,1786
Frame 73
393,903,606,1716
Frame 74
393,903,606,1716
Frame 75
393,903,606,1716
Frame 76
393,903,606,1716
Frame 77
393,903,606,1716
Frame 78
393,903,606,1716
Frame 79
393,903,606,1716
Frame 80
340,890,586,1643
Frame 81
340,890,586,1643
Frame 82
340,890,586,1643
Frame 83
340,890,586,1643
Frame 84
340,890,586,1643
Frame 85
340,890,586,1643
Frame 86
340,890,586,1643
Frame 87
340,890,586,1643
Frame 88
340,890,586,1643
Frame 89
350,823,560,1466
Frame 90
350,823,560,1466
Frame 91
350,823,560,1466
Frame 92
350,823,560,1466
Frame 93
350,823,560,1466
Frame 94
350,823,560,1466
Frame 95
350,823,560,1466
Frame 96
350,823,560,1466
Frame 97
350,823,560,1466
Frame 98
350,823,560,1466
Frame 99
360,750,536,1370
Frame 100
360,750,536,1370
Frame 101
360,750,536,1370
Frame 102
360,750,536,1370
Frame 103
360,750,536,1370
Frame 104
360,750,536,1370
Frame 105
360,750,536,1370
Frame 106
360,750,536,1370
Frame 107
360,750,536,1370
Frame 108
360,750,536,1370
Frame 109
360,750,536,1370
Frame 110
360,750,536,1370
Frame 111
360,750,536,1370
Frame 112
353,720,546,1290
Frame 113
353,720,546,1290
Frame 114
353,720,546,1290
Frame 115
353,720,546,1290
Frame 116
353,720,546,1290
Frame 117
353,720,546,1290
Frame 118
353,720,546,1290
Frame 119
353,720,546,1290
Frame 120
353,720,546,1290
Frame 121
360,673,520,1103
Frame 122
360,673,520,1103
Frame 123
360,673,520,1103
Frame 124
360,673,520,1103
Frame 125
360,673,520,1103
Frame 126
360,673,520,1103
Frame 127
360,673,520,1103
Frame 128
360,673,520,1103
Frame 129
360,673,520,1103
Frame 130
360,673,520,1103
Frame 131
360,673,520,1103
Frame 132
440,666,550,1043
Frame 133
440,666,550,1043
Frame 134
440,666,550,1043
Frame 135
440,666,550,1043
Frame 136
440,666,550,1043
Frame 137
440,666,550,1043
Frame 138
440,666,550,1043
Frame 139
440,666,550,1043
Frame 140
440,666,550,1043
Frame 141
460,650,593,990
Frame 142
460,650,593,990
Frame 143
460,650,593,990
Frame 144
460,650,593,990
Frame 145
460,650,593,990
Frame 146
460,650,593,990
Frame 147
460,650,593,990
Frame 148
460,650,593,990
Frame 149
460,650,593,990
Frame 150
460,650,593,990
Frame 151
500,603,616,963
Frame 152
500,603,616,963
Frame 153
500,603,616,963
Frame 154
500,603,616,963
Frame 155
500,603,616,963
Frame 156
500,603,616,963
Frame 157
500,603,616,963
Frame 158
500,603,616,963
Frame 159
500,603,616,963
Frame 160
513,603,673,953
Frame 161
513,603,673,953
Frame 162
513,603,673,953
Frame 163
513,603,673,953
Frame 164
513,603,673,953
Frame 165
513,603,673,953
Frame 166
513,603,673,953
Frame 167
513,603,673,953
Frame 168
513,603,673,953
Frame 169
513,603,673,953
Frame 170
513,603,673,953
Frame 171
513,603,673,953
Frame 172
580,596,680,960
Frame 173
580,596,680,960
Frame 174
580,596,680,960
Frame 175
580,596,680,960
Frame 176
580,596,680,960
Frame 177
580,596,680,960
Frame 178
580,596,680,960
Frame 179
580,596,680,960
Frame 180
580,596,680,960
Frame 181
580,596,680,960
Frame 182
580,596,680,960
Frame 183
580,596,680,960
Frame 184
580,596,680,960
Frame 185
580,596,680,960
Frame 186
580,596,680,960
Frame 187
580,596,680,960
Frame 188
610,583,733,940
Frame 189
610,583,733,940
Frame 190
610,583,733,940
Frame 191
610,583,733,940
Frame 192
610,583,733,940
Frame 193
610,583,733,940
Frame 194
610,583,733,940
Frame 195
610,583,733,940
Frame 196
610,583,733,940
Frame 197
610,583,733,940
Frame 198
633,576,760,896
Frame 199
633,576,760,896
Frame 200
633,576,760,896
Frame 201
633,576,760,896
Frame 202
633,576,760,896
Frame 203
633,576,760,896
Frame 204
633,576,760,896
Frame 205
633,576,760,896
Frame 206
633,576,760,896
Frame 207
633,576,760,896
Frame 208
633,576,760,896
Frame 209
633,576,760,896
Frame 210
633,576,760,896
Frame 211
633,576,760,896
Frame 212
633,576,760,896
Frame 213
633,576,760,896
Frame 214
633,576,760,896
Frame 215
633,576,760,896
Frame 216
633,576,760,896
Frame 217
633,576,760,896
Frame 218
633,576,760,896
Frame 219
633,576,760,896
Frame 220
633,576,760,896
Frame 221
633,576,760,896
Frame 222
633,576,760,896
Frame 223
633,576,760,896
Frame 224
633,576,760,896
Frame 225
633,576,760,896
Frame 226
633,576,760,896
Frame 227
633,576,760,896
Frame 228
633,576,760,896
Frame 229
633,576,760,896
Frame 230
633,576,760,896
Frame 231
633,576,760,896
Frame 232
633,576,760,896
Frame 233
633,576,760,896
Frame 234
633,576,760,896
Frame 235
633,576,760,896
Frame 236
633,576,760,896
Frame 237
633,576,760,896
Frame 238
633,576,760,896
Frame 239
633,576,760,896
Frame 240
633,576,760,896
Frame 241
633,576,760,896
Frame 242
633,576,760,896
Frame 243
633,576,760,896
Frame 244
633,576,760,896
Frame 245
633,576,760,896
Frame 246
633,576,760,896
Frame 247
633,576,760,896
Frame 248
633,576,760,896
Frame 249
633,576,760,896
Frame 250
633,576,760,896
Frame 251
633,576,760,896
Frame 252
633,576,760,896
Frame 253
633,576,760,896
Frame 254
633,576,760,896
Frame 255
633,576,760,896
Frame 256
633,576,760,896
Frame 257
633,576,760,896
Frame 258
633,576,760,896
Frame 259
633,576,760,896
Frame 260
633,576,760,896
Frame 261
633,576,760,896
Frame 262
633,576,760,896
Frame 263
633,576,760,896
Frame 264
633,576,760,896
Frame 265
633,576,760,896
Frame 266
633,576,760,896
Frame 267
633,576,760,896
Frame 268
633,576,760,896
Frame 269
633,576,760,896
Frame 270
633,576,760,896
Frame 271
633,576,760,896
Frame 272
633,576,760,896
Frame 273
633,576,760,896
Frame 274
633,576,760,896
Frame 275
633,576,760,896
Frame 276
633,576,760,896
Frame 277
633,576,760,896
Frame 278
633,576,760,896
Frame 279
633,576,760,896
Frame 280
633,576,760,896
Frame 281
633,576,760,896
Frame 282
633,576,760,896
Frame 283
633,576,760,896
Frame 284
633,576,760,896
Frame 285
633,576,760,896
Frame 286
633,576,760,896
Frame 287
633,576,760,896
Frame 288
633,576,760,896
Frame 289
633,576,760,896
Frame 290
633,576,760,896
Frame 291
633,576,760,896
Frame 292
633,576,760,896
Frame 293
633,576,760,896
Frame 294
633,576,760,896
Frame 295
633,576,760,896
Frame 296
633,576,760,896
Frame 297
633,576,760,896
Frame 298
633,576,760,896
Frame 299
633,576,760,896
Frame 300
633,576,760,896
Frame 301
633,576,760,896
Frame 302
633,576,760,896
Frame 303
633,576,760,896
Frame 304
633,576,760,896
Frame 305
633,576,760,896
Frame 306
633,576,760,896
Frame 307
633,576,760,896
Frame 308
633,576,760,896
Frame 309
633,576,760,896
Frame 310
633,576,760,896
Frame 311
633,576,760,896
Frame 312
633,576,760,896
Frame 313
610,580,726,920
Frame 314
610,580,726,920
Frame 315
610,580,726,920
Frame 316
610,580,726,920
Frame 317
610,580,726,920
Frame 318
610,580,726,920
Frame 319
610,580,726,920
Frame 320
610,580,726,920
Frame 321
610,580,726,920
Frame 322
573,573,710,933
Frame 323
573,573,710,933
Frame 324
573,573,710,933
Frame 325
573,573,710,933
Frame 326
573,573,710,933
Frame 327
573,573,710,933
Frame 328
546,576,696,930
Frame 329
546,576,696,930
Frame 330
546,576,696,930
Frame 331
546,576,696,930
Frame 332
546,576,696,930
Frame 333
546,576,696,930
Frame 334
546,576,696,930
Frame 335
546,576,696,930
Frame 336
546,576,696,930
Frame 337
546,576,696,930
Frame 338
546,576,696,930
Frame 339
546,576,696,930
Frame 340
546,576,696,930
Frame 341
546,576,696,930
Frame 342
546,576,696,930
Frame 343
546,576,696,930
Frame 344
546,576,696,930
Frame 345
546,576,696,930
Frame 346
546,576,696,930
Frame 347
546,576,696,930
Frame 348
546,576,696,930
Frame 349
546,576,696,930
Frame 350
546,576,696,930
Frame 351
546,576,696,930
Frame 352
546,576,696,930
Frame 353
546,576,696,930
Frame 354
546,576,696,930
Frame 355
546,576,696,930
Frame 356
546,576,696,930
Frame 357
546,576,696,930
Frame 358
546,576,696,930
Frame 359
580,586,700,930
Frame 360
580,586,700,930
Frame 361
580,586,700,930
Frame 362
580,586,700,930
Frame 363
580,586,700,930
Frame 364
580,586,700,930
Frame 365
580,586,700,930
Frame 366
580,586,700,930
Frame 367
580,586,700,930
Frame 368
580,586,700,930
Frame 369
580,586,700,930
Frame 370
580,586,700,930
Frame 371
580,586,700,930
Frame 372
580,586,700,930
Frame 373
580,586,700,930
Frame 374
580,586,700,930
Frame 375
580,586,700,930
Frame 376
580,586,700,930
Frame 377
580,586,700,930
Frame 378
580,586,700,930
Frame 379
580,586,700,930
Frame 380
580,586,700,930
Frame 381
580,586,700,930
Frame 382
580,586,700,930
Frame 383
580,586,700,930
Frame 384
580,586,700,930
Frame 385
580,586,700,930
Frame 386
580,586,700,930
Frame 387
580,586,700,930
Frame 388
580,586,700,930
Frame 389
580,586,700,930
Frame 390
580,586,700,930
Frame 391
580,586,700,930
Frame 392
580,586,700,930
Frame 393
580,586,700,930
Frame 394
580,586,700,930
Frame 395
580,586,700,930
Frame 396
556,600,676,926
Frame 397
556,600,676,926
Frame 398
556,600,676,926
Frame 399
556,600,676,926
Frame 400
556,600,676,926
Frame 401
556,600,676,926
Frame 402
556,600,676,926
Frame 403
556,600,676,926
Frame 404
556,600,676,926
Frame 405
556,600,676,926
Frame 406
556,600,676,926
Frame 407
556,600,676,926
Frame 408
556,600,676,926
Frame 409
556,600,676,926
Frame 410
556,600,676,926
Frame 411
556,600,676,926
Frame 412
556,600,676,926
Frame 413
556,600,676,926
Frame 414
556,600,676,926
Frame 415
556,600,676,926
Frame 416
556,600,676,926
Frame 417
556,600,676,926
Frame 418
556,600,676,926
Frame 419
556,600,676,926
Frame 420
556,600,676,926
Frame 421
556,600,676,926
Frame 422
556,600,676,926
Frame 423
556,600,676,926
Frame 424
556,600,676,926
Frame 425
556,600,676,926
Frame 426
556,600,676,926
Frame 427
556,600,676,926
Frame 428
556,600,676,926
Frame 429
556,600,676,926
Frame 430
556,600,676,926
Frame 431
556,600,676,926
Frame 432
556,600,676,926
Frame 433
556,600,676,926
Frame 434
556,600,676,926
Frame 435
556,600,676,926
Frame 436
556,600,676,926
Frame 437
556,600,676,926
Frame 438
556,600,676,926
Frame 439
556,600,676,926
Frame 440
556,600,676,926
Frame 441
556,600,676,926
Frame 442
556,600,676,926
Frame 443
556,600,676,926
Frame 444
556,600,676,926
Frame 445
556,600,676,926
Frame 446
556,600,676,926
Frame 447
556,600,676,926
Frame 448
556,600,676,926
Frame 449
556,600,676,926
Frame 450
556,600,676,926
Frame 451
556,600,676,926
Frame 452
556,600,676,926
Frame 453
556,600,676,926
Frame 454
556,600,676,926
Frame 455
556,600,676,926
Frame 456
556,600,676,926
Frame 457
556,600,676,926
Frame 458
556,600,676,926
Frame 459
556,600,676,926
Frame 460
556,600,676,926
Frame 461
556,600,676,926
Frame 462
556,600,676,926
Frame 463
556,600,676,926
Frame 464
556,600,676,926
Frame 465
556,600,676,926
Frame 466
556,600,676,926
Frame 467
556,600,676,926
Frame 468
556,600,676,926
Frame 469
556,600,676,926
Frame 470
556,600,676,926
Frame 471
556,600,676,926
Frame 472
556,600,676,926
Frame 473
556,600,676,926
Frame 474
556,600,676,926
Frame 475
556,600,676,926
Frame 476
556,600,676,926
Frame 477
556,600,676,926
Frame 478
556,600,676,926
Frame 479
556,600,676,926
Frame 480
556,600,676,926
Frame 481
556,600,676,926
Frame 482
556,600,676,926
Frame 483
556,600,676,926
Frame 484
556,600,676,926
Frame 485
556,600,676,926
Frame 486
556,600,676,926
Frame 487
556,600,676,926
Frame 488
556,600,676,926
Frame 489
556,600,676,926
Frame 490
556,600,676,926
Frame 491
556,600,676,926
Frame 492
556,600,676,926
Frame 493
556,600,676,926
Frame 494
556,600,676,926
Frame 495
556,600,676,926
Frame 496
556,600,676,926
Frame 497
556,600,676,926
Frame 498
533,603,636,976
Frame 499
533,603,636,976
Frame 500
533,603,636,976
Frame 501
533,603,636,976
Frame 502
533,603,636,976
Frame 503
533,603,636,976
Frame 504
533,603,636,976
Frame 505
533,603,636,976
Frame 506
533,603,636,976
Frame 507
533,603,636,976
Frame 508
533,603,636,976
Frame 509
533,603,636,976
Frame 510
533,603,636,976
Frame 511
533,603,636,976
Frame 512
533,603,636,976
Frame 513
496,600,606,986
Frame 514
496,600,606,986
Frame 515
496,600,606,986
Frame 516
496,600,606,986
Frame 517
496,600,606,986
Frame 518
496,600,606,986
Frame 519
496,600,606,986
Frame 520
496,600,606,986
Frame 521
453,606,596,1013
Frame 522
453,606,596,1013
Frame 523
453,606,596,1013
Frame 524
453,606,596,1013
Frame 525
453,606,596,1013
Frame 526
416,603,573,1020
Frame 527
416,603,573,1020
Frame 528
416,603,573,1020
Frame 529
416,603,573,1020
Frame 530
416,603,573,1020
Frame 531
416,603,573,1020
Frame 532
416,603,573,1020
Frame 533
416,603,573,1020
Frame 534
416,603,573,1020
Frame 535
416,603,573,1020
Frame 536
416,603,573,1020
Frame 537
416,603,573,1020
Frame 538
416,603,573,1020
Frame 539
416,603,573,1020
Frame 540
416,603,573,1020
Frame 541
416,603,573,1020
Frame 542
416,603,573,1020
Frame 543
416,603,573,1020
Frame 544
416,603,573,1020
Frame 545
416,603,573,1020
Frame 546
406,613,526,1030
Frame 547
406,613,526,1030
Frame 548
406,613,526,1030
Frame 549
406,613,526,1030
Frame 550
406,613,526,1030
Frame 551
406,613,526,1030
Frame 552
406,613,526,1030
Frame 553
406,613,526,1030
Frame 554
406,613,526,1030
Frame 555
406,613,526,1030
Frame 556
406,613,526,1030
Frame 557
406,613,526,1030
Frame 558
406,613,526,1030
Frame 559
406,613,526,1030
Frame 560
406,613,526,1030
Frame 561
406,613,526,1030
Frame 562
406,613,526,1030
Frame 563
406,613,526,1030
Frame 564
406,613,526,1030
Frame 565
406,613,526,1030
Frame 566
406,613,526,1030
Frame 567
406,613,526,1030
Frame 568
406,613,526,1030
Frame 569
406,613,526,1030
Frame 570
406,613,526,1030
Frame 571
406,613,526,1030
Frame 572
406,613,526,1030
Frame 573
406,613,510,1080
Frame 574
353,633,510,1083
Frame 575
353,633,510,1083
Frame 576
353,633,510,1083
Frame 577
353,633,510,1083
Frame 578
353,633,510,1083
Frame 579
353,633,510,1083
Frame 580
353,633,510,1083
Frame 581
353,633,510,1083
Frame 582
353,633,510,1083
Frame 583
353,633,510,1083
Frame 584
353,633,510,1083
Frame 585
353,633,510,1083
Frame 586
353,633,510,1083
Frame 587
353,633,510,1083
Frame 588
353,633,510,1083
Frame 589
353,633,510,1083
Frame 590
353,633,510,1083
Frame 591
353,633,510,1083
Frame 592
353,633,510,1083
Frame 593
383,663,503,1090
Frame 594
383,663,503,1090
Frame 595
383,663,503,1090
Frame 596
383,663,503,1090
Frame 597
383,663,503,1090
Frame 598
383,663,503,1090
Frame 599
383,663,503,1090
Frame 600
383,663,503,1090
Frame 601
383,663,503,1090
Frame 602
383,663,503,1090
Frame 603
383,663,503,1090
Frame 604
383,663,503,1090
Frame 605
383,663,503,1090
Frame 606
383,663,503,1090
Frame 607
383,663,503,1090
Frame 608
383,663,503,1090
Frame 609
383,663,503,1090
Frame 610
383,663,503,1090
Frame 611
383,663,503,1090
Frame 612
383,663,503,1090
Frame 613
383,663,503,1090
Frame 614
383,663,503,1090
Frame 615
383,663,503,1090
Frame 616
383,663,503,1090
Frame 617
383,663,503,1090
Frame 618
383,663,503,1090
Frame 619
383,663,503,1090
Frame 620
383,663,503,1090
Frame 621
383,663,503,1090
Frame 622
383,663,503,1090
Frame 623
383,663,503,1090
Frame 624
383,663,503,1090
Frame 625
383,663,503,1090
Frame 626
383,663,503,1090
Frame 627
383,663,503,1090
Frame 628
383,663,503,1090
Frame 629
383,663,503,1090
Frame 630
396,676,536,1113
Frame 631
396,676,536,1113
Frame 632
396,676,536,1113
Frame 633
396,676,536,1113
Frame 634
396,676,536,1113
Frame 635
396,676,536,1113
Frame 636
396,676,536,1113
Frame 637
396,676,536,1113
Frame 638
396,676,536,1113
Frame 639
396,676,536,1113
Frame 640
420,686,573,1096
Frame 641
420,686,573,1096
Frame 642
420,686,573,1096
Frame 643
420,686,573,1096
Frame 644
420,686,573,1096
Frame 645
420,686,573,1096
Frame 646
420,686,573,1096
Frame 647
420,686,573,1096
Frame 648
470,706,606,1146
Frame 649
470,706,606,1146
Frame 650
470,706,606,1146
Frame 651
470,706,606,1146
Frame 652
470,706,606,1146
Frame 653
470,706,606,1146
Frame 654
470,706,606,1146
Frame 655
470,706,606,1146
Frame 656
470,706,606,1146
Frame 657
470,706,606,1146
Frame 658
470,706,606,1146
Frame 659
470,706,606,1146
Frame 660
470,706,606,1146
Frame 661
500,763,620,1200
Frame 662
500,763,620,1200
Frame 663
500,763,620,1200
Frame 664
500,763,620,1200
Frame 665
500,763,620,1200
Frame 666
500,763,620,1200
Frame 667
500,763,620,1200
Frame 668
500,763,620,1200
Frame 669
500,763,620,1200
Frame 670
470,776,620,1240
Frame 671
470,776,620,1240
Frame 672
470,776,620,1240
Frame 673
470,776,620,1240
Frame 674
470,776,620,1240
Frame 675
470,776,620,1240
Frame 676
470,776,620,1240
Frame 677
500,820,630,1353
Frame 678
500,820,630,1353
Frame 679
500,820,630,1353
Frame 680
500,820,630,1353
Frame 681
500,820,630,1353
Frame 682
500,820,630,1353
Frame 683
500,820,630,1353
Frame 684
500,866,656,1420
Frame 685
500,866,656,1420
Frame 686
500,866,656,1420
Frame 687
500,866,656,1420
Frame 688
500,866,656,1420
Frame 689
500,866,656,1420
Frame 690
500,866,656,1420
Frame 691
500,890,696,1496
Frame 692
500,890,696,1496
Frame 693
500,890,696,1496
Frame 694
500,890,696,1496
Frame 695
500,890,696,1496
Frame 696
500,890,696,1496
Frame 697
500,890,696,1496
Frame 698
513,976,676,1620
Frame 699
513,976,676,1620
Frame 700
513,976,676,1620
Frame 701
513,976,676,1620
Frame 702
513,976,676,1620
Frame 703
513,976,676,1620
Frame 704
513,976,676,1620
Frame 705
513,976,676,1620
Frame 706
513,976,676,1620
Frame 707
513,976,676,1620
Frame 708
506,1066,786,1770
Frame 709
506,1066,786,1770
Frame 710
506,1066,786,1770
Frame 711
506,1066,786,1770
Frame 712
506,1066,786,1770
Frame 713
506,1066,786,1770
Frame 714
506,1066,786,1770
Frame 715
506,1066,786,1770
Frame 716
506,1066,786,1770
Frame 717
673,1136,903,1860
Frame 718
673,1136,903,1860
Frame 719
673,1136,903,1860
Frame 720
673,1136,903,1860
Frame 721
673,1136,903,1860
Frame 722
673,1136,903,1860
Frame 723
720,1256,1053,1893
Frame 724
720,1256,1053,1893
Frame 725
720,1256,1053,1893
Frame 726
720,1256,1053,1893
Frame 727
756,1400,1070,1913
Frame 728
756,1400,1070,1913
Frame 729
756,1400,1070,1913
Frame 730
756,1400,1070,1913
Frame 731
756,1400,1070,1913
Frame 732
803,1523,1076,1913
Frame 733
803,1523,1076,1913
Frame 734
803,1523,1076,1913
Frame 735
803,1523,1076,1913
Frame 736
803,1523,1076,1913
Frame 737
None
Frame 738
None
Frame 739
None
Frame 740
None
Frame 741
None
Frame 742
None
Frame 743
None
Frame 744
None
Frame 745
None
Frame 746
None
Frame 747
None
Frame 748
None
Frame 749
None
Frame 750
None
Frame 751
None
Frame 752
None
Frame 753
None
Frame 754
None
Frame 755
None
Frame 756
None
Frame 757
None
Frame 758
None
Frame 759
None
Frame 760
None
Frame 761
None
Frame 762
None
Frame 763
None
Frame 764
None
Frame 765
None
Frame 766
None
Frame 767
None
Frame 768
None
Frame 769
None
Frame 770
None
Frame 771
None
Frame 772
None
Frame 773
None
Frame 774
None
Frame 775
None
Frame 776
None
Frame 777
None
Frame 778
None
Frame 779
None
Frame 780
None
Frame 781
None
Frame 782
None
Frame 783
None
Frame 784
None
Frame 785
None
Frame 786
None
Frame 787
None
Frame 788
None
Frame 789
None
Frame 790
None
Frame 791
None
Frame 792
None
Frame 793
None
Frame 794
None
Frame 795
None
Frame 796
None
Frame 797
None
Frame 798
None
Frame 799
None
Frame 800
None
Frame 801
None
Frame 802
None
Frame 803
None
Frame 804
None
Frame 805
None
Frame 806
None
Frame 807
None
Frame 808
None
Frame 809
None
Frame 810
None
Frame 811
None
Frame 812
None
Frame 813
None
Frame 814
None
Frame 815
None
Frame 816
None
Frame 817
None
Frame 818
None
Frame 819
None
Frame 820
None
Frame 821
None
Frame 822
None
Frame 823
None
Frame 824
None
Frame 825
None
Frame 826
None
Frame 827
None
Frame 828
None
Frame 829
None
Frame 830
None
Frame 831
None
Frame 832
None
Frame 833
None
Frame 834
None
Frame 835
None
Frame 836
880,1346,1073,1910
Frame 837
880,1346,1073,1910
Frame 838
880,1346,1073,1910
Frame 839
880,1346,1073,1910
Frame 840
836,1296,1073,1910
Frame 841
836,1296,1073,1910
Frame 842
836,1296,1073,1910
Frame 843
836,1296,1073,1910
Frame 844
836,1296,1073,1910
Frame 845
836,1296,1073,1910
Frame 846
836,1296,1073,1910
Frame 847
740,1160,1033,1870
Frame 848
740,1160,1033,1870
Frame 849
740,1160,1033,1870
Frame 850
740,1160,1033,1870
Frame 851
726,1120,950,1810
Frame 852
726,1120,950,1810
Frame 853
726,1120,950,1810
Frame 854
726,1120,950,1810
Frame 855
726,1120,950,1810
Frame 856
666,1050,910,1750
Frame 857
666,1050,910,1750
Frame 858
666,1050,910,1750
Frame 859
666,1050,910,1750
Frame 860
666,1050,910,1750
Frame 861
666,1050,910,1750
Frame 862
666,1050,910,1750
Frame 863
566,990,813,1720
Frame 864
566,990,813,1720
Frame 865
566,990,813,1720
Frame 866
566,990,813,1720
Frame 867
566,990,813,1720
Frame 868
520,943,776,1640
Frame 869
520,943,776,1640
Frame 870
520,943,776,1640
Frame 871
520,943,776,1640
Frame 872
520,943,776,1640
Frame 873
520,943,776,1640
Frame 874
470,866,713,1550
Frame 875
470,866,713,1550
Frame 876
470,866,713,1550
Frame 877
470,866,713,1550
Frame 878
470,866,713,1550
Frame 879
470,866,713,1550
Frame 880
470,866,713,1550
Frame 881
470,866,713,1550
Frame 882
470,866,713,1550
Frame 883
470,866,713,1550
Frame 884
470,866,713,1550
Frame 885
470,866,713,1550
Frame 886
496,803,670,1376
Frame 887
496,803,670,1376
Frame 888
496,803,670,1376
Frame 889
496,803,670,1376
Frame 890
496,803,670,1376
Frame 891
496,803,670,1376
Frame 892
496,803,670,1376
Frame 893
496,803,670,1376
Frame 894
496,803,670,1376
Frame 895
430,780,626,1420
Frame 896
430,780,626,1420
Frame 897
430,780,626,1420
Frame 898
430,780,626,1420
Frame 899
430,780,626,1420
Frame 900
430,780,626,1420
Frame 901
430,780,626,1420
Frame 902
446,726,593,1263
Frame 903
446,726,593,1263
Frame 904
446,726,593,1263
Frame 905
446,726,593,1263
Frame 906
446,726,593,1263
Frame 907
446,726,593,1263
Frame 908
446,726,593,1263
Frame 909
446,726,593,1263
Frame 910
446,726,593,1263
Frame 911
446,726,593,1263
Frame 912
446,726,593,1263
Frame 913
446,726,593,1263
Frame 914
446,726,593,1263
Frame 915
446,726,593,1263
Frame 916
446,726,593,1263
Frame 917
446,726,593,1263
Frame 918
446,726,593,1263
Frame 919
446,726,593,1263
Frame 920
493,663,603,1116
Frame 921
493,663,603,1116
Frame 922
493,663,603,1116
Frame 923
493,663,603,1116
Frame 924
493,663,603,1116
Frame 925
493,663,603,1116
Frame 926
493,663,603,1116
Frame 927
526,653,670,1023
Frame 928
526,653,670,1023
Frame 929
526,653,670,1023
Frame 930
526,653,670,1023
Frame 931
526,653,670,1023
Frame 932
526,653,670,1023
Frame 933
526,653,670,1023
Frame 934
526,653,670,1023
Frame 935
526,653,670,1023
Frame 936
526,653,670,1023
Frame 937
603,643,740,976
Frame 938
603,643,740,976
Frame 939
603,643,740,976
Frame 940
603,643,740,976
Frame 941
603,643,740,976
Frame 942
603,643,740,976
Frame 943
603,643,740,976
Frame 944
690,623,766,940
Frame 945
690,623,766,940
Frame 946
690,623,766,940
Frame 947
690,623,766,940
Frame 948
690,623,766,940
Frame 949
690,623,766,940
Frame 950
690,623,766,940
Frame 951
716,590,830,876
Frame 952
716,590,830,876
Frame 953
716,590,830,876
Frame 954
716,590,830,876
Frame 955
716,590,830,876
Frame 956
770,593,880,853
Frame 957
770,593,880,853
Frame 958
770,593,880,853
Frame 959
770,593,880,853
Frame 960
770,593,880,853
Frame 961
770,593,880,853
Frame 962
770,593,880,853
Frame 963
830,606,913,856
Frame 964
830,606,913,856
Frame 965
830,606,913,856
Frame 966
830,606,913,856
Frame 967
830,606,913,856
Frame 968
880,596,1013,910
Frame 969
880,596,1013,910
Frame 970
880,596,1013,910
Frame 971
880,596,1013,910
Frame 972
880,596,1013,910
Frame 973
880,596,1013,910
Frame 974
880,596,1013,910
Frame 975
880,596,1013,910
Frame 976
880,596,1013,910
Frame 977
940,586,1056,900
Frame 978
940,586,1056,900
Frame 979
940,586,1056,900
Frame 980
940,586,1056,900
Frame 981
940,586,1056,900
Frame 982
940,586,1056,900
Frame 983
940,586,1056,900
Frame 984
940,586,1056,900
Frame 985
940,586,1056,900
Frame 986
940,586,1056,900
Frame 987
940,586,1056,900
Frame 988
None
Frame 989
None
Frame 990
None
Frame 991
None
Frame 992
None
Frame 993
None
Frame 994
None
Frame 995
None
Frame 996
None
Frame 997
None
Frame 998
None
Frame 999
None
Frame 1000
None
Frame 1001
None
Frame 1002
None
Frame 1003
None
Frame 1004
None
Frame 1005
None
Frame 1006
None
Frame 1007
None
Frame 1008
None
Frame 1009
None
Frame 1010
None
Frame 1011
None
Frame 1012
None
Frame 1013
None
Frame 1014
None
Frame 1015
None
Frame 1016
None
Frame 1017
None
Frame 1018
None
Frame 1019
None
Frame 1020
None
Frame 1021
None
Frame 1022
None
Frame 1023
None
Frame 1024
None
Frame 1025
None
Frame 1026
None
Frame 1027
None
Frame 1028
None
Frame 1029
None
Frame 1030
None
Frame 1031
None
Frame 1032
None
Frame 1033
None
Frame 1034
None
Frame 1035
None
Frame 1036
None
Frame 1037
None
Frame 1038
None
Frame 1039
None
Frame 1040
None
Frame 1041
None
Frame 1042
None
Frame 1043
None
Frame 1044
None
Frame 1045
None
Frame 1046
None
Frame 1047
None
Frame 1048
None
Frame 1049
None
Frame 1050
None
Frame 1051
None
Frame 1052
None
Frame 1053
None
Frame 1054
None
Frame 1055
None
Frame 1056
None
Frame 1057
None
Frame 1058
None
Frame 1059
None
Frame 1060
None
Frame 1061
None
Frame 1062
None
Frame 1063
None
Frame 1064
None
Frame 1065
None
Frame 1066
None
Frame 1067
None
Frame 1068
None
Frame 1069
None
Frame 1070
None
Frame 1071
None
Frame 1072
None
Frame 1073
None
Frame 1074
None
Frame 1075
None
Frame 1076
None
Frame 1077
None
Frame 1078
None
Frame 1079
None
Frame 1080
None
Frame 1081
None
Frame 1082
None
Frame 1083
None
Frame 1084
None
Frame 1085
None
Frame 1086
None
Frame 1087
None
Frame 1088
None
Frame 1089
None
Frame 1090
None
Frame 1091
None
Frame 1092
None
Frame 1093
None
Frame 1094
None
Frame 1095
None
Frame 1096
None
Frame 1097
None
Frame 1098
None
Frame 1099
None
Frame 1100
None
Frame 1101
None
Frame 1102
None
Frame 1103
None
Frame 1104
None
Frame 1105
None
Frame 1106
None
Frame 1107
None
Frame 1108
None
Frame 1109
None
Frame 1110
None
Frame 1111
None
Frame 1112
None
Frame 1113
None
Frame 1114
None
Frame 1115
None
Frame 1116
None
Frame 1117
None
Frame 1118
None
Frame 1119
None
Frame 1120
None
Frame 1121
None
Frame 1122
None
Frame 1123
None
Frame 1124
None
Frame 1125
None
Frame 1126
None
Frame 1127
None
Frame 1128
None
Frame 1129
None
Frame 1130
None
Frame 1131
None
Frame 1132
None
Frame 1133
None
Frame 1134
None
Frame 1135
None
Frame 1136
None
Frame 1137
None
Frame 1138
None
Frame 1139
None
Frame 1140
None
Frame 1141
None
Frame 1142
None
Frame 1143
None
Frame 1144
None
Frame 1145
None
Frame 1146
None
Frame 1147
None
Frame 1148
None
Frame 1149
None
Frame 1150
None
Frame 1151
None
Frame 1152
1010,593,1063,883
Frame 1153
1010,593,1063,883
Frame 1154
1010,593,1063,883
Frame 1155
1010,593,1063,883
Frame 1156
1010,593,1063,883
Frame 1157
1010,593,1063,883
Frame 1158
1010,593,1063,883
Frame 1159
1010,593,1063,883
Frame 1160
1010,593,1063,883
Frame 1161
1010,593,1063,883
Frame 1162
1010,593,1063,883
Frame 1163
1010,593,1063,883
Frame 1164
1010,593,1063,883
Frame 1165
1010,593,1063,883
Frame 1166
1010,593,1063,883
Frame 1167
1010,593,1063,883
Frame 1168
1010,593,1063,883
Frame 1169
1010,593,1063,883
Frame 1170
1010,593,1063,883
Frame 1171
1010,593,1063,883
Frame 1172
1010,593,1063,883
Frame 1173
1010,593,1063,883
Frame 1174
1010,593,1063,883
Frame 1175
1010,593,1063,883
Frame 1176
1010,593,1063,883
Frame 1177
920,586,1050,906
Frame 1178
920,586,1050,906
Frame 1179
920,586,1050,906
Frame 1180
920,586,1050,906
Frame 1181
920,586,1050,906
Frame 1182
920,586,1050,906
Frame 1183
920,586,1050,906
Frame 1184
920,586,1050,906
Frame 1185
920,586,1050,906
Frame 1186
920,586,1050,906
Frame 1187
920,586,1050,906
Frame 1188
920,586,1050,906
Frame 1189
920,586,1050,906
Frame 1190
920,586,1050,906
Frame 1191
920,586,1050,906
Frame 1192
920,586,1050,906
Frame 1193
940,616,1010,920
Frame 1194
940,616,1010,920
Frame 1195
940,616,1010,920
Frame 1196
940,616,1010,920
Frame 1197
940,616,1010,920
Frame 1198
940,616,1010,920
Frame 1199
940,616,1010,920
Frame 1200
940,616,1010,920
Frame 1201
940,616,1010,920
Frame 1202
940,616,1010,920
Frame 1203
940,616,1010,920
Frame 1204
940,616,1010,920
Frame 1205
940,616,1010,920
Frame 1206
940,616,1010,920
Frame 1207
940,616,1010,920
Frame 1208
940,616,1010,920
Frame 1209
940,616,1010,920
Frame 1210
940,616,1010,920
Frame 1211
940,616,1010,920
Frame 1212
940,616,1010,920
Frame 1213
940,616,1010,920
Frame 1214
940,616,1010,920
Frame 1215
940,616,1010,920
Frame 1216
940,616,1010,920
Frame 1217
940,616,1010,920
Frame 1218
940,616,1010,920
Frame 1219
940,616,1010,920
Frame 1220
940,616,1010,920
Frame 1221
940,616,1010,920
Frame 1222
940,616,1010,920
Frame 1223
940,616,1010,920
Frame 1224
940,616,1010,920
Frame 1225
940,616,1010,920
Frame 1226
940,616,1010,920
Frame 1227
940,616,1010,920
Frame 1228
940,616,1010,920
Frame 1229
940,616,1010,920
Frame 1230
940,616,1010,920
Frame 1231
940,616,1010,920
Frame 1232
913,623,1013,876
Frame 1233
913,623,1013,876
Frame 1234
913,623,1013,876
Frame 1235
913,623,1013,876
Frame 1236
913,623,1013,876
Frame 1237
853,626,986,856
Frame 1238
853,626,986,856
Frame 1239
853,626,986,856
Frame 1240
853,626,986,856
Frame 1241
810,623,940,850
Frame 1242
810,623,940,850
Frame 1243
810,623,940,850
Frame 1244
810,623,940,850
Frame 1245
763,620,903,836
Frame 1246
763,620,903,836
Frame 1247
763,620,903,836
Frame 1248
763,620,903,836
Frame 1249
763,620,903,836
Frame 1250
730,623,826,883
Frame 1251
730,623,826,883
Frame 1252
730,623,826,883
Frame 1253
730,623,826,883
Frame 1254
730,623,826,883
Frame 1255
730,623,826,883
Frame 1256
690,633,800,880
Frame 1257
690,633,800,880
Frame 1258
690,633,800,880
Frame 1259
690,633,800,880
Frame 1260
660,640,750,946
Frame 1261
660,640,750,946
Frame 1262
660,640,750,946
Frame 1263
660,640,750,946
Frame 1264
613,623,706,983
Frame 1265
613,623,706,983
Frame 1266
613,623,706,983
Frame 1267
613,623,706,983
Frame 1268
613,623,706,983
Frame 1269
613,623,706,983
Frame 1270
556,640,696,1003
Frame 1271
556,640,696,1003
Frame 1272
556,640,696,1003
Frame 1273
556,640,696,1003
Frame 1274
520,673,656,1016
Frame 1275
520,673,656,1016
Frame 1276
520,673,656,1016
Frame 1277
520,673,656,1016
Frame 1278
456,656,600,1013
Frame 1279
456,656,600,1013
Frame 1280
456,656,600,1013
Frame 1281
456,656,600,1013
Frame 1282
456,656,600,1013
Frame 1283
456,656,600,1013
Frame 1284
456,656,600,1013
Frame 1285
406,670,553,1050
Frame 1286
406,670,553,1050
Frame 1287
406,670,553,1050
Frame 1288
406,670,553,1050
Frame 1289
410,693,516,1110
Frame 1290
410,693,516,1110
Frame 1291
410,693,516,1110
Frame 1292
410,693,516,1110
Frame 1293
396,716,500,1116
Frame 1294
396,716,500,1116
Frame 1295
396,716,500,1116
Frame 1296
396,716,500,1116
Frame 1297
396,716,500,1116
Frame 1298
356,716,460,1146
Frame 1299
356,716,460,1146
Frame 1300
356,716,460,1146
Frame 1301
356,716,460,1146
Frame 1302
356,716,460,1146
Frame 1303
356,716,460,1146
Frame 1304
280,730,470,1210
Frame 1305
280,730,470,1210
Frame 1306
280,730,470,1210
Frame 1307
280,730,470,1210
Frame 1308
280,730,470,1210
Frame 1309
280,730,470,1210
Frame 1310
280,730,470,1210
Frame 1311
280,730,470,1210
Frame 1312
280,730,470,1210
Frame 1313
280,730,470,1210
Frame 1314
260,760,433,1400
Frame 1315
260,760,433,1400
Frame 1316
260,760,433,1400
Frame 1317
260,760,433,1400
Frame 1318
260,760,433,1400
Frame 1319
260,760,433,1400
Frame 1320
260,760,433,1400
Frame 1321
260,760,433,1400
Frame 1322
260,760,433,1400
Frame 1323
260,760,433,1400
Frame 1324
283,790,433,1440
Frame 1325
283,790,433,1440
Frame 1326
283,790,433,1440
Frame 1327
283,790,433,1440
Frame 1328
283,790,433,1440
Frame 1329
283,790,433,1440
Frame 1330
283,790,433,1440
Frame 1331
283,790,433,1440
Frame 1332
283,790,433,1440
Frame 1333
283,790,433,1440
Frame 1334
283,790,433,1440
Frame 1335
256,893,466,1603
Frame 1336
256,893,466,1603
Frame 1337
256,893,466,1603
Frame 1338
256,893,466,1603
Frame 1339
256,893,466,1603
Frame 1340
256,893,466,1603
Frame 1341
160,890,470,1586
Frame 1342
160,890,470,1586
Frame 1343
160,890,470,1586
Frame 1344
160,890,470,1586
Frame 1345
160,890,470,1586
Frame 1346
160,890,470,1586
Frame 1347
160,890,470,1586
Frame 1348
160,890,470,1586
Frame 1349
160,890,470,1586
Frame 1350
160,890,470,1586
Frame 1351
160,890,470,1586
Frame 1352
160,890,470,1586
Frame 1353
246,980,503,1863
Frame 1354
246,980,503,1863
Frame 1355
246,980,503,1863
Frame 1356
246,980,503,1863
Frame 1357
246,980,503,1863
Frame 1358
246,980,503,1863
Frame 1359
246,980,503,1863
Frame 1360
246,980,503,1863
Frame 1361
246,980,503,1863
Frame 1362
246,980,503,1863
Frame 1363
246,980,503,1863
Frame 1364
276,1020,546,1896
Frame 1365
276,1020,546,1896
Frame 1366
276,1020,546,1896
Frame 1367
276,1020,546,1896
Frame 1368
276,1020,546,1896
Frame 1369
276,1020,546,1896
Frame 1370
276,1020,546,1896
Frame 1371
276,1020,546,1896
Frame 1372
286,1150,590,1903
Frame 1373
286,1150,590,1903
Frame 1374
286,1150,590,1903
Frame 1375
286,1150,590,1903
Frame 1376
286,1150,590,1903
Frame 1377
286,1150,590,1903
Frame 1378
286,1150,590,1903
Frame 1379
286,1150,590,1903
Frame 1380
286,1150,590,1903
Frame 1381
286,1150,590,1903
Frame 1382
286,1150,590,1903
Frame 1383
286,1150,590,1903
Frame 1384
303,1206,700,1893
Frame 1385
303,1206,700,1893
Frame 1386
303,1206,700,1893
Frame 1387
303,1206,700,1893
Frame 1388
303,1206,700,1893
Frame 1389
303,1206,700,1893
Frame 1390
373,1316,746,1913
Frame 1391
373,1316,746,1913
Frame 1392
373,1316,746,1913
Frame 1393
373,1316,746,1913
Frame 1394
373,1316,746,1913
Frame 1395
373,1316,746,1913
Frame 1396
373,1316,746,1913
Frame 1397
373,1316,746,1913
Frame 1398
373,1316,746,1913
Frame 1399
373,1316,746,1913
Frame 1400
443,1356,763,1906
Frame 1401
443,1356,763,1906
Frame 1402
443,1356,763,1906
Frame 1403
443,1356,763,1906
Frame 1404
443,1356,763,1906
Frame 1405
443,1356,763,1906
Frame 1406
443,1356,763,1906
Frame 1407
406,1463,840,1910
Frame 1408
406,1463,840,1910
Frame 1409
406,1463,840,1910
Frame 1410
406,1463,840,1910
Frame 1411
406,1463,840,1910
Frame 1412
406,1463,840,1910
Frame 1413
406,1463,840,1910
Frame 1414
406,1463,840,1910
Frame 1415
406,1463,840,1910
Frame 1416
406,1463,840,1910
Frame 1417
406,1463,840,1910
Frame 1418
406,1463,840,1910
Frame 1419
406,1463,840,1910
Frame 1420
406,1463,840,1910
Frame 1421
406,1463,840,1910
Frame 1422
406,1463,840,1910
Frame 1423
406,1463,840,1910
Frame 1424
406,1463,840,1910
Frame 1425
406,1463,840,1910
Frame 1426
406,1463,840,1910
Frame 1427
406,1463,840,1910
Frame 1428
406,1463,840,1910
Frame 1429
406,1463,840,1910
Frame 1430
406,1463,840,1910
Frame 1431
406,1463,840,1910
Frame 1432
406,1463,840,1910
Frame 1433
406,1463,840,1910
Frame 1434
406,1463,840,1910
Frame 1435
406,1463,840,1910
Frame 1436
406,1463,840,1910
Frame 1437
406,1463,840,1910
Frame 1438
406,1463,840,1910
Frame 1439
406,1463,840,1910
Frame 1440
406,1463,840,1910
Frame 1441
406,1463,840,1910
Frame 1442
406,1463,840,1910
Frame 1443
406,1463,840,1910
Frame 1444
406,1463,840,1910
Frame 1445
406,1463,840,1910
Frame 1446
406,1463,840,1910
Frame 1447
406,1463,840,1910
Frame 1448
406,1463,840,1910
Frame 1449
406,1463,840,1910
Frame 1450
406,1463,840,1910
Frame 1451
416,1363,776,1916
Frame 1452
416,1363,776,1916
Frame 1453
416,1363,776,1916
Frame 1454
416,1363,776,1916
Frame 1455
416,1363,776,1916
Frame 1456
416,1363,776,1916
Frame 1457
416,1363,776,1916
Frame 1458
416,1363,776,1916
Frame 1459
416,1363,776,1916
Frame 1460
416,1363,776,1916
Frame 1461
416,1363,776,1916
Frame 1462
416,1363,776,1916
Frame 1463
416,1363,776,1916
Frame 1464
416,1363,776,1916
Frame 1465
416,1363,776,1916
Frame 1466
416,1363,776,1916
Frame 1467
416,1363,776,1916
Frame 1468
416,1363,776,1916
Frame 1469
416,1363,776,1916
Frame 1470
416,1363,776,1916
Frame 1471
416,1363,776,1916
Frame 1472
416,1363,776,1916
Frame 1473
416,1363,776,1916
Frame 1474
416,1363,776,1916
Frame 1475
416,1363,776,1916
Frame 1476
416,1363,776,1916
Frame 1477
416,1363,776,1916
Frame 1478
416,1363,776,1916
Frame 1479
416,1363,776,1916
Frame 1480
416,1363,776,1916
Frame 1481
416,1363,776,1916
Frame 1482
416,1363,776,1916
Frame 1483
416,1363,776,1916
Frame 1484
416,1363,776,1916
Frame 1485
416,1363,776,1916
Frame 1486
416,1363,776,1916
Frame 1487
416,1363,776,1916
Frame 1488
416,1363,776,1916
Frame 1489
416,1363,776,1916
Frame 1490
416,1363,776,1916
Frame 1491
416,1363,776,1916
Frame 1492
416,1363,776,1916
Frame 1493
416,1363,776,1916
Frame 1494
416,1363,776,1916
Frame 1495
416,1363,776,1916
Frame 1496
416,1363,776,1916
Frame 1497
416,1363,776,1916
Frame 1498
416,1363,776,1916
Frame 1499
416,1363,776,1916
Frame 1500
416,1363,776,1916
Frame 1501
416,1363,776,1916
Frame 1502
416,1363,776,1916
Frame 1503
416,1363,776,1916
Frame 1504
416,1363,776,1916
Frame 1505
416,1363,776,1916
Frame 1506
416,1363,776,1916
Frame 1507
416,1363,776,1916
Frame 1508
416,1363,776,1916
Frame 1509
416,1363,776,1916
Frame 1510
416,1363,776,1916
Frame 1511
416,1363,776,1916
Frame 1512
416,1363,776,1916
Frame 1513
416,1363,776,1916
Frame 1514
416,1363,776,1916
Frame 1515
416,1363,776,1916
Frame 1516
416,1363,776,1916
Frame 1517
416,1363,776,1916
Frame 1518
416,1363,776,1916
Frame 1519
416,1363,776,1916
Frame 1520
416,1363,776,1916
Frame 1521
416,1363,776,1916
Frame 1522
416,1363,776,1916
Frame 1523
416,1363,776,1916
Frame 1524
416,1363,776,1916
Frame 1525
416,1363,776,1916
Frame 1526
416,1363,776,1916
Frame 1527
416,1363,776,1916
Frame 1528
416,1363,776,1916
Frame 1529
416,1363,776,1916
Frame 1530
416,1363,776,1916
Frame 1531
416,1363,776,1916
Frame 1532
416,1363,776,1916
Frame 1533
416,1363,776,1916
Frame 1534
416,1363,776,1916
Frame 1535
416,1363,776,1916
Frame 1536
416,1363,776,1916
Frame 1537
416,1363,776,1916
Frame 1538
416,1363,776,1916
Frame 1539
416,1363,776,1916
Frame 1540
416,1363,776,1916
Frame 1541
416,1363,776,1916
Frame 1542
416,1363,776,1916
Frame 1543
416,1363,776,1916
Frame 1544
416,1363,776,1916
Frame 1545
416,1363,776,1916
Frame 1546
416,1363,776,1916
Frame 1547
416,1363,776,1916
Frame 1548
416,1363,776,1916
Frame 1549
416,1363,776,1916
Frame 1550
416,1363,776,1916
Frame 1551
416,1363,776,1916
Frame 1552
416,1363,776,1916
Frame 1553
416,1363,776,1916
Frame 1554
416,1363,776,1916
Frame 1555
416,1363,776,1916
Frame 1556
416,1363,776,1916
Frame 1557
416,1363,776,1916
Frame 1558
416,1363,776,1916
Frame 1559
416,1363,776,1916
Frame 1560
416,1363,776,1916
Frame 1561
416,1363,776,1916
Frame 1562
416,1363,776,1916
Frame 1563
416,1363,776,1916
Frame 1564
416,1363,776,1916
Frame 1565
416,1363,776,1916
Frame 1566
416,1363,776,1916
Frame 1567
416,1363,776,1916
Frame 1568
416,1363,776,1916
Frame 1569
416,1363,776,1916
Frame 1570
416,1363,776,1916
Frame 1571
416,1363,776,1916
Frame 1572
416,1363,776,1916
Frame 1573
416,1363,776,1916
Frame 1574
496,1436,986,1910
Frame 1575
496,1436,986,1910
Frame 1576
496,1436,986,1910
Frame 1577
496,1436,986,1910
Frame 1578
496,1436,986,1910
Frame 1579
496,1436,986,1910
Frame 1580
496,1436,986,1910
Frame 1581
646,1460,1036,1906
Frame 1582
646,1460,1036,1906
Frame 1583
646,1460,1036,1906
Frame 1584
646,1460,1036,1906
Frame 1585
646,1460,1036,1906
Frame 1586
646,1460,1036,1906
Frame 1587
646,1460,1036,1906
Frame 1588
646,1460,1036,1906
Frame 1589
646,1460,1036,1906
Frame 1590
646,1460,1036,1906
Frame 1591
543,1533,1016,1903
Frame 1592
543,1533,1016,1903
Frame 1593
543,1533,1016,1903
Frame 1594
543,1533,1016,1903
Frame 1595
543,1533,1016,1903
Frame 1596
543,1533,1016,1903
Frame 1597
543,1533,1016,1903
Frame 1598
413,1610,1000,1900
Frame 1599
413,1610,1000,1900
Frame 1600
413,1610,1000,1900
Frame 1601
413,1610,1000,1900
Frame 1602
413,1610,1000,1900
Frame 1603
413,1610,1000,1900
Frame 1604
413,1610,1000,1900
Frame 1605
413,1610,1000,1900
Frame 1606
413,1610,1000,1900
Frame 1607
413,1610,1000,1900
Frame 1608
413,1610,1000,1900
Frame 1609
336,1646,933,1916
Frame 1610
336,1646,933,1916
Frame 1611
336,1646,933,1916
Frame 1612
336,1646,933,1916
Frame 1613
336,1646,933,1916
Frame 1614
336,1646,933,1916
Frame 1615
336,1646,933,1916
Frame 1616
336,1646,933,1916
Frame 1617
336,1646,933,1916
Frame 1618
336,1646,933,1916
Frame 1619
336,1646,933,1916
Frame 1620
336,1646,933,1916
Frame 1621
336,1646,933,1916
Frame 1622
336,1646,933,1916
Frame 1623
336,1646,933,1916
Frame 1624
336,1646,933,1916
Frame 1625
336,1646,933,1916
Frame 1626
336,1646,933,1916
Frame 1627
336,1646,933,1916
Frame 1628
336,1646,933,1916
Frame 1629
336,1646,933,1916
Frame 1630
520,1483,1006,1913
Frame 1631
520,1483,1006,1913
Frame 1632
520,1483,1006,1913
Frame 1633
520,1483,1006,1913
Frame 1634
520,1483,1006,1913
Frame 1635
520,1483,1006,1913
Frame 1636
520,1483,1006,1913
Frame 1637
520,1483,1006,1913
Frame 1638
520,1483,1006,1913
Frame 1639
520,1483,1006,1913
Frame 1640
520,1483,1006,1913
Frame 1641
520,1483,1006,1913
Frame 1642
520,1483,1006,1913
Frame 1643
520,1483,1006,1913
Frame 1644
520,1483,1006,1913
Frame 1645
520,1483,1033,1910
Frame 1646
520,1483,1033,1910
Frame 1647
520,1483,1033,1910
Frame 1648
520,1483,1033,1910
Frame 1649
520,1483,1033,1910
Frame 1650
520,1483,1033,1910
Frame 1651
520,1483,1033,1910
Frame 1652
520,1483,1033,1910
Frame 1653
520,1483,1033,1910
Frame 1654
520,1483,1033,1910
Frame 1655
520,1483,1033,1910
Frame 1656
350,1386,973,1903
Frame 1657
350,1386,973,1903
Frame 1658
350,1386,973,1903
Frame 1659
350,1386,973,1903
Frame 1660
350,1386,973,1903
Frame 1661
350,1386,973,1903
Frame 1662
350,1386,973,1903
Frame 1663
350,1386,973,1903
Frame 1664
350,1386,973,1903
Frame 1665
350,1386,973,1903
Frame 1666
350,1386,973,1903
Frame 1667
350,1386,973,1903
Frame 1668
350,1386,973,1903
Frame 1669
350,1386,973,1903
Frame 1670
350,1386,973,1903
Frame 1671
350,1386,973,1903
Frame 1672
350,1386,973,1903
Frame 1673
350,1386,973,1903
Frame 1674
350,1386,973,1903
Frame 1675
350,1386,973,1903
Frame 1676
350,1386,973,1903
Frame 1677
350,1386,973,1903
Frame 1678
350,1386,973,1903
Frame 1679
350,1386,973,1903
Frame 1680
223,1406,886,1913
Frame 1681
223,1406,886,1913
Frame 1682
223,1406,886,1913
Frame 1683
223,1406,886,1913
Frame 1684
223,1406,886,1913
Frame 1685
223,1406,886,1913
Frame 1686
223,1406,886,1913
Frame 1687
223,1406,886,1913
Frame 1688
223,1406,886,1913
Frame 1689
223,1406,886,1913
Frame 1690
223,1406,886,1913
Frame 1691
223,1406,886,1913
Frame 1692
223,1406,886,1913
Frame 1693
223,1406,886,1913
Frame 1694
223,1406,886,1913
Frame 1695
383,1563,893,1916
Frame 1696
383,1563,893,1916
Frame 1697
383,1563,893,1916
Frame 1698
383,1563,893,1916
Frame 1699
383,1563,893,1916
Frame 1700
383,1563,893,1916
Frame 1701
383,1563,893,1916
Frame 1702
383,1563,893,1916
Frame 1703
383,1563,893,1916
Frame 1704
383,1563,893,1916
Frame 1705
383,1563,893,1916
Frame 1706
383,1563,893,1916
Frame 1707
383,1563,893,1916
Frame 1708
383,1563,893,1916
Frame 1709
383,1563,893,1916
Frame 1710
383,1563,893,1916
Frame 1711
383,1563,893,1916
Frame 1712
383,1563,893,1916
Frame 1713
383,1563,893,1916
Frame 1714
383,1563,893,1916
Frame 1715
383,1563,893,1916
Frame 1716
383,1563,893,1916
Frame 1717
383,1563,893,1916
Frame 1718
383,1563,893,1916
Frame 1719
383,1563,893,1916
Frame 1720
383,1563,893,1916
Frame 1721
383,1563,893,1916
Frame 1722
383,1563,893,1916
Frame 1723
383,1563,893,1916
Frame 1724
383,1563,893,1916
Frame 1725
383,1563,893,1916
Frame 1726
383,1563,893,1916
Frame 1727
383,1563,893,1916
Frame 1728
383,1563,893,1916
Frame 1729
383,1563,893,1916
Frame 1730
523,1393,970,1906
Frame 1731
523,1393,970,1906
Frame 1732
523,1393,970,1906
Frame 1733
523,1393,970,1906
Frame 1734
523,1393,970,1906
Frame 1735
523,1393,970,1906
Frame 1736
523,1393,970,1906
Frame 1737
523,1393,970,1906
Frame 1738
523,1393,970,1906
Frame 1739
523,1393,970,1906
Frame 1740
523,1393,970,1906
Frame 1741
523,1393,970,1906
Frame 1742
523,1393,970,1906
Frame 1743
523,1393,970,1906
Frame 1744
523,1393,970,1906
Frame 1745
523,1393,970,1906
Frame 1746
523,1393,970,1906
Frame 1747
523,1393,970,1906
Frame 1748
523,1393,970,1906
Frame 1749
523,1393,970,1906
Frame 1750
523,1393,970,1906
Frame 1751
523,1393,970,1906
Frame 1752
523,1393,970,1906
Frame 1753
523,1393,970,1906
Frame 1754
523,1393,970,1906
Frame 1755
523,1393,970,1906
Frame 1756
523,1393,970,1906
Frame 1757
523,1393,970,1906
Frame 1758
523,1393,970,1906
Frame 1759
523,1393,970,1906
Frame 1760
523,1393,970,1906
Frame 1761
523,1393,970,1906
Frame 1762
523,1393,970,1906
Frame 1763
523,1393,970,1906
Frame 1764
523,1393,970,1906
Frame 1765
523,1393,970,1906
Frame 1766
523,1393,970,1906
Frame 1767
523,1393,970,1906
Frame 1768
523,1393,970,1906
Frame 1769
523,1393,970,1906
Frame 1770
523,1393,970,1906
Frame 1771
523,1393,970,1906
Frame 1772
523,1393,970,1906
Frame 1773
523,1393,970,1906
Frame 1774
523,1393,970,1906
Frame 1775
523,1393,970,1906
Frame 1776
523,1393,970,1906
Frame 1777
523,1393,970,1906
Frame 1778
523,1393,970,1906
Frame 1779
523,1393,970,1906
Frame 1780
523,1393,970,1906
Frame 1781
523,1393,970,1906
Frame 1782
523,1393,970,1906
Frame 1783
523,1393,970,1906
Frame 1784
523,1393,970,1906
Frame 1785
523,1393,970,1906
Frame 1786
523,1393,970,1906
Frame 1787
523,1393,970,1906
Frame 1788
523,1393,970,1906
Frame 1789
523,1393,970,1906
Frame 1790
523,1393,970,1906
Frame 1791
523,1393,970,1906
Frame 1792
523,1393,970,1906
Frame 1793
523,1393,970,1906
Frame 1794
616,1340,920,1910
Frame 1795
616,1340,920,1910
Frame 1796
616,1340,920,1910
Frame 1797
616,1340,920,1910
Frame 1798
616,1340,920,1910
Frame 1799
616,1340,920,1910
Frame 1800
616,1340,920,1910
Frame 1801
553,1340,893,1903
Frame 1802
553,1340,893,1903
Frame 1803
553,1340,893,1903
Frame 1804
553,1340,893,1903
Frame 1805
553,1340,893,1903
Frame 1806
553,1340,893,1903
Frame 1807
553,1340,893,1903
Frame 1808
553,1340,893,1903
Frame 1809
553,1340,893,1903
Frame 1810
553,1340,893,1903
Frame 1811
553,1340,893,1903
Frame 1812
553,1340,893,1903
Frame 1813
553,1340,893,1903
Frame 1814
553,1340,893,1903
Frame 1815
553,1340,893,1903
Frame 1816
553,1340,893,1903
Frame 1817
553,1340,893,1903
Frame 1818
553,1340,893,1903
Frame 1819
553,1340,893,1903
Frame 1820
553,1340,893,1903
Frame 1821
553,1340,893,1903
Frame 1822
553,1340,893,1903
Frame 1823
523,1376,886,1910
Frame 1824
523,1376,886,1910
Frame 1825
523,1376,886,1910
Frame 1826
523,1376,886,1910
Frame 1827
523,1376,886,1910
Frame 1828
473,1400,860,1906
Frame 1829
473,1400,860,1906
Frame 1830
473,1400,860,1906
Frame 1831
473,1400,860,1906
Frame 1832
473,1400,860,1906
Frame 1833
413,1436,836,1910
Frame 1834
413,1436,836,1910
Frame 1835
413,1436,836,1910
Frame 1836
413,1436,836,1910
Frame 1837
413,1436,836,1910
Frame 1838
413,1436,836,1910
Frame 1839
440,1470,823,1913
Frame 1840
440,1470,823,1913
Frame 1841
440,1470,823,1913
Frame 1842
440,1470,823,1913
Frame 1843
440,1470,823,1913
Frame 1844
440,1470,823,1913
Frame 1845
440,1470,823,1913
Frame 1846
440,1470,823,1913
Frame 1847
440,1470,823,1913
Frame 1848
440,1470,823,1913
Frame 1849
440,1470,823,1913
Frame 1850
440,1470,823,1913
Frame 1851
440,1470,823,1913
Frame 1852
440,1470,823,1913
Frame 1853
440,1470,823,1913
Frame 1854
440,1470,823,1913
Frame 1855
440,1470,823,1913
Frame 1856
440,1470,823,1913
Frame 1857
440,1470,823,1913
Frame 1858
440,1470,823,1913
Frame 1859
440,1470,823,1913
Frame 1860
440,1470,823,1913
Frame 1861
440,1470,823,1913
Frame 1862
440,1470,823,1913
Frame 1863
440,1470,823,1913
Frame 1864
440,1470,823,1913
Frame 1865
440,1470,823,1913
Frame 1866
440,1470,823,1913
Frame 1867
440,1470,823,1913
Frame 1868
426,1470,790,1906
Frame 1869
426,1470,790,1906
Frame 1870
426,1470,790,1906
Frame 1871
426,1470,790,1906
Frame 1872
426,1470,790,1906
Frame 1873
426,1470,790,1906
Frame 1874
426,1470,790,1906
Frame 1875
426,1470,790,1906
Frame 1876
426,1470,790,1906
Frame 1877
426,1470,790,1906
Frame 1878
426,1470,790,1906
Frame 1879
426,1470,790,1906
Frame 1880
426,1470,790,1906
Frame 1881
426,1470,790,1906
Frame 1882
426,1470,790,1906
Frame 1883
426,1470,790,1906
Frame 1884
426,1470,790,1906
Frame 1885
426,1470,790,1906
Frame 1886
426,1470,790,1906
Frame 1887
426,1470,790,1906
Frame 1888
420,1543,780,1906
Frame 1889
420,1543,780,1906
Frame 1890
420,1543,780,1906
Frame 1891
420,1543,780,1906
Frame 1892
420,1543,780,1906
Frame 1893
420,1543,780,1906
Frame 1894
420,1543,780,1906
Frame 1895
420,1543,780,1906
Frame 1896
420,1543,780,1906
Frame 1897
420,1543,780,1906
Frame 1898
420,1543,780,1906
Frame 1899
420,1543,780,1906
Frame 1900
420,1543,780,1906
Frame 1901
420,1543,780,1906
Frame 1902
420,1543,780,1906
Frame 1903
420,1543,780,1906
Frame 1904
420,1543,780,1906
Frame 1905
420,1543,780,1906
Frame 1906
420,1543,780,1906
Frame 1907
420,1543,780,1906
Frame 1908
420,1543,780,1906
Frame 1909
420,1543,780,1906
Frame 1910
420,1543,780,1906
Frame 1911
420,1543,780,1906
Frame 1912
420,1543,780,1906
Frame 1913
420,1543,780,1906
Frame 1914
420,1543,780,1906
Frame 1915
420,1543,780,1906
Frame 1916
420,1543,780,1906
Frame 1917
420,1543,780,1906
Frame 1918
323,1646,806,1910
Frame 1919
323,1646,806,1910
Frame 1920
323,1646,806,1910
Frame 1921
323,1646,806,1910
Frame 1922
323,1646,806,1910
Frame 1923
323,1646,806,1910
Frame 1924
323,1646,806,1910
Frame 1925
323,1646,806,1910
Frame 1926
233,1713,756,1906
Frame 1927
233,1713,756,1906
Frame 1928
233,1713,756,1906
Frame 1929
233,1713,756,1906
Frame 1930
233,1713,756,1906
Frame 1931
233,1713,756,1906
Frame 1932
233,1713,756,1906
Frame 1933
233,1713,756,1906
Frame 1934
233,1713,756,1906
Frame 1935
233,1713,756,1906
Frame 1936
233,1713,756,1906
Frame 1937
233,1713,756,1906
Frame 1938
None
Frame 1939
None
Frame 1940
None
Frame 1941
None
Frame 1942
None
Frame 1943
None
Frame 1944
None
Frame 1945
None
Frame 1946
None
Frame 1947
None
Frame 1948
None
Frame 1949
None
Frame 1950
None
Frame 1951
None
Frame 1952
None
Frame 1953
None
Frame 1954
None
Frame 1955
None
Frame 1956
None
Frame 1957
None
Frame 1958
None
Frame 1959
None
Frame 1960
None
Frame 1961
None
Frame 1962
None
Frame 1963
None
Frame 1964
None
Frame 1965
None
Frame 1966
None
Frame 1967
None
Frame 1968
None
Frame 1969
None
Frame 1970
None
Frame 1971
None
Frame 1972
None
Frame 1973
None
