Frame 456
6,910,420,1906,1
Frame 457
6,910,420,1906,1
Frame 458
6,910,420,1906,1
Frame 459
6,910,420,1906,1
Frame 460
6,910,420,1906,1
Frame 461
6,910,420,1906,1
Frame 462
6,910,420,1906,1
Frame 463
6,910,420,1906,1
Frame 464
6,910,420,1906,1
Frame 465
6,910,420,1906,1
Frame 466
16,833,446,1900,1
Frame 467
16,833,446,1900,1
Frame 468
16,833,446,1900,1
Frame 469
16,833,446,1900,1
Frame 470
16,833,446,1900,1
Frame 471
16,833,446,1900,1
Frame 472
16,833,446,1900,1
Frame 473
16,833,446,1900,1
Frame 474
16,833,446,1900,1
Frame 475
16,833,446,1900,1
Frame 476
16,833,446,1900,1
Frame 477
30,780,480,1883,1
Frame 478
30,780,480,1883,1
Frame 479
30,780,480,1883,1
Frame 480
30,780,480,1883,1
Frame 481
30,780,480,1883,1
Frame 482
30,780,480,1883,1
Frame 483
30,780,480,1883,1
Frame 484
30,780,480,1883,1
Frame 485
30,780,480,1883,1
Frame 486
30,780,480,1883,1
Frame 487
30,780,480,1883,1
Frame 488
30,780,480,1883,1
Frame 489
30,780,480,1883,1
Frame 490
30,780,480,1883,1
Frame 491
60,690,413,1860,1
Frame 492
60,690,413,1860,1
Frame 493
60,690,413,1860,1
Frame 494
60,690,413,1860,1
Frame 495
60,690,413,1860,1
Frame 496
60,690,413,1860,1
Frame 497
60,690,413,1860,1
Frame 498
60,690,413,1860,1
Frame 499
60,690,413,1860,1
Frame 500
60,690,413,1860,1
Frame 501
60,690,413,1860,1
Frame 502
60,690,413,1860,1
Frame 503
60,690,413,1860,1
Frame 504
60,690,413,1860,1
Frame 505
116,683,430,1776,1
Frame 506
116,683,430,1776,1
Frame 507
116,683,430,1776,1
Frame 508
116,683,430,1776,1
Frame 509
116,683,430,1776,1
Frame 510
116,683,430,1776,1
Frame 511
116,683,430,1776,1
Frame 512
46,636,373,1756,1
Frame 513
46,636,373,1756,1
Frame 514
46,636,373,1756,1
Frame 515
46,636,373,1756,1
Frame 516
46,636,373,1756,1
Frame 517
46,636,373,1756,1
Frame 518
46,636,373,1756,1
Frame 519
46,636,373,1756,1
Frame 520
46,636,373,1756,1
Frame 521
46,636,373,1756,1
Frame 522
46,636,373,1756,1
Frame 523
30,610,296,1590,1
Frame 524
30,610,296,1590,1
Frame 525
30,610,296,1590,1
Frame 526
30,610,296,1590,1
Frame 527
30,610,296,1590,1
Frame 528
30,610,296,1590,1
Frame 529
30,610,296,1590,1
Frame 530
30,610,296,1590,1
Frame 531
30,610,296,1590,1
Frame 532
30,610,296,1590,1
Frame 533
30,610,296,1590,1
Frame 534
30,610,296,1590,1
Frame 535
30,610,296,1590,1
Frame 536
30,610,296,1590,1
Frame 537
30,610,296,1590,1
Frame 538
13,576,240,1506,1
Frame 539
13,576,240,1506,1
Frame 540
13,576,240,1506,1
Frame 541
13,576,240,1506,1
Frame 542
13,576,240,1506,1
Frame 543
13,576,240,1506,1
Frame 544
13,576,240,1506,1
Frame 545
13,576,240,1506,1
Frame 546
13,576,240,1506,1
Frame 547
13,576,240,1506,1
Frame 548
13,576,240,1506,1
Frame 549
13,576,240,1506,1
Frame 550
13,576,240,1506,1
Frame 551
13,576,240,1506,1
Frame 552
13,576,240,1506,1
Frame 553
13,576,240,1506,1
Frame 554
13,576,240,1506,1
Frame 555
13,576,240,1506,1
Frame 556
6,546,200,1393,1
Frame 557
6,546,200,1393,1
Frame 558
6,546,200,1393,1
Frame 559
6,546,200,1393,1
Frame 560
6,546,200,1393,1
Frame 561
6,546,200,1393,1
Frame 562
10,533,176,1320,1
Frame 563
10,533,176,1320,1
Frame 564
10,533,176,1320,1
Frame 565
10,533,176,1320,1
Frame 566
10,533,176,1320,1
Frame 567
10,533,176,1320,1
Frame 568
6,523,113,1260,1
Frame 569
6,523,113,1260,1
Frame 570
6,523,113,1260,1
Frame 571
6,523,113,1260,1
Frame 572
6,523,113,1260,1
Frame 573
6,523,113,1260,1
Frame 574
6,523,113,1260,1
Frame 575
6,523,113,1260,1
Frame 576
6,523,113,1260,1
Frame 577
10,530,86,1256,1
Frame 578
10,530,86,1256,1
Frame 579
10,530,86,1256,1
Frame 580
10,530,86,1256,1
Frame 581
10,530,86,1256,1
Frame 584
6,503,60,1183,1
Frame 585
6,503,60,1183,1
Frame 586
6,503,60,1183,1
Frame 587
6,503,60,1183,1
Frame 588
6,503,60,1183,1
Frame 589
6,503,60,1183,1
Frame 590
6,503,60,1183,1
Frame 591
6,503,60,1183,1
Frame 592
6,503,60,1183,1
Frame 747
3,496,33,986,1
Frame 748
3,496,33,986,1
Frame 749
3,496,33,986,1
Frame 750
3,496,33,986,1
Frame 751
3,496,33,986,1
Frame 752
3,496,33,986,1
Frame 753
3,496,33,986,1
Frame 754
3,496,33,986,1
Frame 755
3,496,33,986,1
Frame 849
0,516,100,1256,1
Frame 850
0,516,100,1256,1
Frame 851
0,516,100,1256,1
Frame 852
0,516,100,1256,1
Frame 853
0,516,100,1256,1
Frame 854
0,516,100,1256,1
Frame 855
0,516,100,1256,1
Frame 856
0,516,100,1256,1
Frame 857
0,516,100,1256,1
Frame 858
0,516,100,1256,1
Frame 859
0,516,100,1256,1
Frame 860
0,516,100,1256,1
Frame 861
0,516,100,1256,1
Frame 862
0,516,100,1256,1
Frame 863
0,516,100,1256,1
Frame 864
6,550,196,1356,1
Frame 865
6,550,196,1356,1
Frame 866
6,550,196,1356,1
Frame 867
6,550,196,1356,1
Frame 868
6,550,196,1356,1
Frame 869
6,550,196,1356,1
Frame 870
6,550,196,1356,1
Frame 871
6,550,196,1356,1
Frame 872
6,550,196,1356,1
Frame 873
6,550,196,1356,1
Frame 874
6,550,196,1356,1
Frame 875
6,550,196,1356,1
Frame 876
6,550,196,1356,1
Frame 877
6,550,196,1356,1
Frame 878
6,550,196,1356,1
Frame 879
6,550,196,1356,1
Frame 880
6,550,196,1356,1
Frame 881
6,550,196,1356,1
Frame 882
16,600,316,1546,1
Frame 883
16,600,316,1546,1
Frame 884
16,600,316,1546,1
Frame 885
16,600,316,1546,1
Frame 886
16,600,316,1546,1
Frame 887
16,600,316,1546,1
Frame 888
16,600,316,1546,1
Frame 889
16,600,316,1546,1
Frame 890
16,600,316,1546,1
Frame 891
16,600,316,1546,1
Frame 892
16,600,316,1546,1
Frame 893
16,600,316,1546,1
Frame 894
16,600,316,1546,1
Frame 895
16,600,316,1546,1
Frame 896
16,600,316,1546,1
Frame 897
16,600,316,1546,1
Frame 898
16,600,316,1546,1
Frame 899
16,600,316,1546,1
Frame 900
16,600,316,1546,1
Frame 901
16,600,316,1546,1
Frame 902
16,600,316,1546,1
Frame 903
16,600,316,1546,1
Frame 904
16,600,316,1546,1
Frame 905
50,686,323,1786,1
Frame 906
50,686,323,1786,1
Frame 907
50,686,323,1786,1
Frame 908
50,686,323,1786,1
Frame 909
50,686,323,1786,1
Frame 910
50,686,323,1786,1
Frame 911
50,686,323,1786,1
Frame 912
50,686,323,1786,1
Frame 913
50,686,323,1786,1
Frame 914
10,690,336,1846,1
Frame 915
10,690,336,1846,1
Frame 916
10,690,336,1846,1
Frame 917
10,690,336,1846,1
Frame 918
10,690,336,1846,1
Frame 919
10,690,336,1846,1
Frame 920
10,690,336,1846,1
Frame 921
10,690,336,1846,1
Frame 922
10,690,336,1846,1
Frame 923
10,690,336,1846,1
Frame 924
10,690,336,1846,1
Frame 925
10,690,336,1846,1
Frame 926
6,750,290,1906,1
Frame 927
6,750,290,1906,1
Frame 928
6,750,290,1906,1
Frame 929
6,750,290,1906,1
Frame 930
6,750,290,1906,1
Frame 931
6,750,290,1906,1
Frame 932
6,750,290,1906,1
Frame 933
6,750,290,1906,1
Frame 934
6,750,290,1906,1
Frame 935
6,750,290,1906,1
Frame 936
6,750,290,1906,1
Frame 937
6,750,290,1906,1
Frame 938
6,750,290,1906,1
Frame 939
6,750,290,1906,1
Frame 940
10,826,233,1903,1
Frame 941
10,826,233,1903,1
Frame 942
10,826,233,1903,1
Frame 943
10,826,233,1903,1
Frame 944
10,826,233,1903,1
Frame 945
10,826,233,1903,1
Frame 946
10,826,233,1903,1
Frame 947
10,826,233,1903,1
Frame 948
6,913,330,1903,1
Frame 949
6,913,330,1903,1
Frame 950
6,913,330,1903,1
Frame 951
6,913,330,1903,1
Frame 952
6,913,330,1903,1
Frame 953
6,913,330,1903,1
Frame 954
10,1170,290,1886,1
Frame 955
10,1170,290,1886,1
Frame 956
10,1170,290,1886,1
Frame 957
10,1170,290,1886,1
Frame 1565
20,1186,463,1900,1
Frame 1566
20,1186,463,1900,1
Frame 1567
20,1186,463,1900,1
Frame 1568
20,1186,463,1900,1
Frame 1569
20,1186,463,1900,1
Frame 1570
20,1186,463,1900,1
Frame 1571
20,1186,463,1900,1
Frame 1572
110,1130,603,1896,1
Frame 1573
110,1130,603,1896,1
Frame 1574
110,1130,603,1896,1
Frame 1575
110,1130,603,1896,1
Frame 1576
110,1130,603,1896,1
Frame 1577
110,1130,603,1896,1
Frame 1578
110,1130,603,1896,1
Frame 1579
110,1130,603,1896,1
Frame 1580
190,1076,736,1903,1
Frame 1581
190,1076,736,1903,1
Frame 1582
190,1076,736,1903,1
Frame 1583
190,1076,736,1903,1
Frame 1584
190,1076,736,1903,1
Frame 1585
190,1076,736,1903,1
Frame 1586
190,1076,736,1903,1
Frame 1587
190,1076,736,1903,1
Frame 1588
346,976,873,1900,1
Frame 1589
346,976,873,1900,1
Frame 1590
346,976,873,1900,1
Frame 1591
346,976,873,1900,1
Frame 1592
346,976,873,1900,1
Frame 1593
346,976,873,1900,1
Frame 1594
346,976,873,1900,1
Frame 1595
346,976,873,1900,1
Frame 1596
346,976,873,1900,1
Frame 1597
460,900,983,1896,1
Frame 1598
460,900,983,1896,1
Frame 1599
460,900,983,1896,1
Frame 1600
460,900,983,1896,1
Frame 1601
460,900,983,1896,1
Frame 1602
460,900,983,1896,1
Frame 1603
460,900,983,1896,1
Frame 1604
460,900,983,1896,1
Frame 1605
460,900,983,1896,1
Frame 1606
460,900,983,1896,1
Frame 1607
460,900,983,1896,1
Frame 1608
576,833,946,1900,1
Frame 1609
576,833,946,1900,1
Frame 1610
576,833,946,1900,1
Frame 1611
576,833,946,1900,1
Frame 1612
576,833,946,1900,1
Frame 1613
576,833,946,1900,1
Frame 1614
570,766,996,1903,1
Frame 1615
570,766,996,1903,1
Frame 1616
570,766,996,1903,1
Frame 1617
570,766,996,1903,1
Frame 1618
570,766,996,1903,1
Frame 1619
570,766,996,1903,1
Frame 1620
570,766,996,1903,1
Frame 1621
570,766,996,1903,1
Frame 1622
570,766,996,1903,1
Frame 1623
593,743,946,1896,1
Frame 1624
593,743,946,1896,1
Frame 1625
593,743,946,1896,1
Frame 1626
593,743,946,1896,1
Frame 1627
593,743,946,1896,1
Frame 1628
593,743,946,1896,1
Frame 1629
593,743,946,1896,1
Frame 1630
593,743,946,1896,1
Frame 1631
593,743,946,1896,1
Frame 1632
593,743,946,1896,1
Frame 1633
530,716,883,1903,1
Frame 1634
530,716,883,1903,1
Frame 1635
530,716,883,1903,1
Frame 1636
530,716,883,1903,1
Frame 1637
530,716,883,1903,1
Frame 1638
530,716,883,1903,1
Frame 1639
530,716,883,1903,1
Frame 1640
483,693,856,1786,1
Frame 1641
483,693,856,1786,1
Frame 1642
483,693,856,1786,1
Frame 1643
483,693,856,1786,1
Frame 1644
483,693,856,1786,1
Frame 1645
483,693,856,1786,1
Frame 1646
470,660,746,1740,1
Frame 1647
470,660,746,1740,1
Frame 1648
470,660,746,1740,1
Frame 1649
470,660,746,1740,1
Frame 1650
470,660,746,1740,1
Frame 1651
470,660,746,1740,1
Frame 1652
470,660,746,1740,1
Frame 1653
470,660,746,1740,1
Frame 1654
470,660,746,1740,1
Frame 1655
470,660,746,1740,1
Frame 1656
470,660,746,1740,1
Frame 1657
423,650,686,1676,1
Frame 1658
423,650,686,1676,1
Frame 1659
423,650,686,1676,1
Frame 1660
423,650,686,1676,1
Frame 1661
423,650,686,1676,1
Frame 1662
423,650,686,1676,1
Frame 1663
436,623,653,1593,1
Frame 1664
436,623,653,1593,1
Frame 1665
436,623,653,1593,1
Frame 1666
436,623,653,1593,1
Frame 1667
436,623,653,1593,1
Frame 1668
436,623,653,1593,1
Frame 1669
436,623,653,1593,1
Frame 1670
393,613,586,1493,1
Frame 1671
393,613,586,1493,1
Frame 1672
393,613,586,1493,1
Frame 1673
393,613,586,1493,1
Frame 1674
393,613,586,1493,1
Frame 1675
393,613,586,1493,1
Frame 1676
393,613,586,1493,1
Frame 1677
393,613,586,1493,1
Frame 1678
393,613,586,1493,1
Frame 1679
393,613,586,1493,1
Frame 1680
376,610,613,1143,1
Frame 1681
376,610,613,1143,1
Frame 1682
376,610,613,1143,1
Frame 1683
376,610,613,1143,1
Frame 1684
376,610,613,1143,1
Frame 1685
376,610,613,1143,1
Frame 1686
330,596,570,1046,1
Frame 1687
330,596,570,1046,1
Frame 1688
330,596,570,1046,1
Frame 1689
330,596,570,1046,1
Frame 1690
330,596,570,1046,1
Frame 1691
293,586,536,890,1
Frame 1692
293,586,536,890,1
Frame 1693
293,586,536,890,1
Frame 1694
293,586,536,890,1
Frame 1695
293,586,536,890,1
Frame 1696
293,586,536,890,1
Frame 1697
293,586,536,890,1
Frame 1698
293,586,536,890,1
Frame 1699
270,583,516,846,1
Frame 1700
270,583,516,846,1
Frame 1701
270,583,516,846,1
Frame 1702
270,583,516,846,1
Frame 1703
270,583,516,846,1
Frame 1704
270,583,516,846,1
Frame 1705
270,583,516,846,1
Frame 1706
270,583,516,846,1
Frame 1707
270,583,516,846,1
Frame 1708
270,583,516,846,1
Frame 1709
270,583,516,846,1
Frame 1710
270,583,516,846,1
Frame 1711
270,583,516,846,1
Frame 1712
270,583,516,846,1
Frame 1713
270,583,516,846,1
Frame 1714
270,583,516,846,1
Frame 1715
270,583,516,846,1
Frame 1716
270,583,516,846,1
Frame 1717
270,583,516,846,1
Frame 1718
270,583,516,846,1
Frame 1719
270,583,516,846,1
Frame 1720
283,593,516,1056,1
Frame 1721
283,593,516,1056,1
Frame 1722
283,593,516,1056,1
Frame 1723
283,593,516,1056,1
Frame 1724
283,593,516,1056,1
Frame 1725
283,593,516,1056,1
Frame 1726
283,593,516,1056,1
Frame 1727
283,593,516,1056,1
Frame 1728
283,593,516,1056,1
Frame 1729
270,570,516,1136,1
Frame 1730
270,570,516,1136,1
Frame 1731
270,570,516,1136,1
Frame 1732
270,570,516,1136,1
Frame 1733
270,570,516,1136,1
Frame 1734
270,570,516,1136,1
Frame 1735
270,570,516,1136,1
Frame 1736
270,570,516,1136,1
Frame 1737
270,570,516,1136,1
Frame 1738
270,570,516,1136,1
Frame 1739
270,570,516,1136,1
Frame 1740
270,570,516,1136,1
Frame 1741
270,570,516,1136,1
Frame 1742
270,570,516,1136,1
Frame 1743
270,570,516,1136,1
Frame 1744
270,570,516,1136,1
Frame 1745
270,570,516,1136,1
Frame 1746
270,570,516,1136,1
Frame 1747
270,570,516,1136,1
Frame 1748
270,570,516,1136,1
Frame 1749
270,570,516,1136,1
Frame 1750
270,570,516,1136,1
Frame 1751
270,570,516,1136,1
Frame 1752
270,570,516,1136,1
Frame 1753
270,570,516,1136,1
Frame 1754
270,570,516,1136,1
Frame 1755
270,570,516,1136,1
Frame 1756
233,593,526,1356,1
Frame 1757
233,593,526,1356,1
Frame 1758
233,593,526,1356,1
Frame 1759
233,593,526,1356,1
Frame 1760
233,593,526,1356,1
Frame 1761
233,593,526,1356,1
Frame 1762
233,593,526,1356,1
Frame 1763
233,593,526,1356,1
Frame 1764
233,593,526,1356,1
Frame 1765
233,593,526,1356,1
Frame 1766
220,570,510,1370,1
Frame 1767
220,570,510,1370,1
Frame 1768
220,570,510,1370,1
Frame 1769
220,570,510,1370,1
Frame 1770
220,570,510,1370,1
Frame 1771
220,570,510,1370,1
Frame 1772
220,570,510,1370,1
Frame 1773
220,570,510,1370,1
Frame 1774
220,570,510,1370,1
Frame 1775
220,570,510,1370,1
Frame 1776
220,570,510,1370,1
Frame 1777
220,570,510,1370,1
Frame 1778
220,570,510,1370,1
Frame 1779
220,570,510,1370,1
Frame 1780
220,570,510,1370,1
Frame 1781
220,570,510,1370,1
Frame 1782
220,570,510,1370,1
Frame 1783
220,570,510,1370,1
Frame 1784
220,570,510,1370,1
Frame 1785
186,573,453,1396,1
Frame 1786
186,573,453,1396,1
Frame 1787
186,573,453,1396,1
Frame 1788
186,573,453,1396,1
Frame 1789
186,573,453,1396,1
Frame 1790
186,573,453,1396,1
Frame 1791
186,573,453,1396,1
Frame 1792
186,573,453,1396,1
Frame 1793
186,573,453,1396,1
Frame 1794
186,573,453,1396,1
Frame 1795
186,573,453,1396,1
Frame 1796
143,563,446,1433,1
Frame 1797
143,563,446,1433,1
Frame 1798
143,563,446,1433,1
Frame 1799
143,563,446,1433,1
Frame 1800
143,563,446,1433,1
Frame 1801
143,563,446,1433,1
Frame 1802
143,563,446,1433,1
Frame 1803
143,563,446,1433,1
Frame 1804
133,536,406,1356,1
Frame 1805
133,536,406,1356,1
Frame 1806
133,536,406,1356,1
Frame 1807
133,536,406,1356,1
Frame 1808
133,536,406,1356,1
Frame 1809
133,536,406,1356,1
Frame 1810
133,536,406,1356,1
Frame 1811
133,536,406,1356,1
Frame 1812
133,536,406,1356,1
Frame 1813
133,536,406,1356,1
Frame 1814
133,536,406,1356,1
Frame 1815
133,536,406,1356,1
Frame 1816
133,536,406,1356,1
Frame 1817
133,536,406,1356,1
Frame 1818
133,536,406,1356,1
Frame 1819
86,543,313,1310,1
Frame 1820
86,543,313,1310,1
Frame 1821
86,543,313,1310,1
Frame 1822
86,543,313,1310,1
Frame 1823
86,543,313,1310,1
Frame 1824
86,543,313,1310,1
Frame 1825
86,543,313,1310,1
Frame 1826
86,543,313,1310,1
Frame 1827
86,543,313,1310,1
Frame 1828
86,543,313,1310,1
Frame 1829
86,543,313,1310,1
Frame 1830
86,543,313,1310,1
Frame 1831
86,543,313,1310,1
Frame 1832
86,543,313,1310,1
Frame 1833
86,543,313,1310,1
Frame 1834
43,523,286,1320,1
Frame 1835
43,523,286,1320,1
Frame 1836
43,523,286,1320,1
Frame 1837
43,523,286,1320,1
Frame 1838
43,523,286,1320,1
Frame 1839
43,523,286,1320,1
Frame 1840
43,523,286,1320,1
Frame 1841
43,523,286,1320,1
Frame 1842
43,523,286,1320,1
Frame 1843
23,526,260,1250,1
Frame 1844
23,526,260,1250,1
Frame 1845
23,526,260,1250,1
Frame 1846
23,526,260,1250,1
Frame 1847
23,526,260,1250,1
Frame 1848
23,526,260,1250,1
Frame 1849
23,526,260,1250,1
Frame 1850
16,523,220,1273,1
Frame 1851
16,523,220,1273,1
Frame 1852
16,523,220,1273,1
Frame 1853
16,523,220,1273,1
Frame 1854
16,523,220,1273,1
Frame 1855
16,523,220,1273,1
Frame 1856
16,523,220,1273,1
Frame 1857
16,523,220,1273,1
Frame 1858
16,523,220,1273,1
Frame 1859
16,523,220,1273,1
Frame 1860
16,523,220,1273,1
Frame 1861
16,523,220,1273,1
Frame 1862
16,523,220,1273,1
Frame 1863
16,523,220,1273,1
Frame 1864
16,523,220,1273,1
Frame 1865
10,503,166,1206,1
Frame 1866
10,503,166,1206,1
Frame 1867
10,503,166,1206,1
Frame 1868
10,503,166,1206,1
Frame 1869
10,503,166,1206,1
Frame 1870
10,503,166,1206,1
Frame 1871
10,503,166,1206,1
Frame 1872
10,503,166,1206,1
Frame 1873
10,503,166,1206,1
Frame 1874
10,503,166,1206,1
Frame 1875
10,503,166,1206,1
Frame 1876
10,503,166,1206,1
Frame 1877
10,503,166,1206,1
Frame 1878
10,503,166,1206,1
Frame 1879
10,503,166,1206,1
Frame 1880
10,503,166,1206,1
Frame 1881
13,493,143,1153,1
Frame 1882
13,493,143,1153,1
Frame 1883
13,493,143,1153,1
Frame 1884
13,493,143,1153,1
Frame 1885
13,493,143,1153,1
Frame 1886
13,493,143,1153,1
Frame 1887
13,493,143,1153,1
Frame 1888
13,493,143,1153,1
Frame 1889
13,493,143,1153,1
Frame 1890
13,493,143,1153,1
Frame 1891
13,493,143,1153,1
Frame 1892
13,493,143,1153,1
Frame 1893
13,493,143,1153,1
Frame 1894
13,493,143,1153,1
Frame 1895
13,493,143,1153,1
Frame 1896
13,493,143,1153,1
Frame 1897
13,493,143,1153,1
Frame 1898
3,493,126,1146,1
Frame 1899
3,493,126,1146,1
Frame 1900
3,493,126,1146,1
Frame 1901
3,493,126,1146,1
Frame 1902
3,493,126,1146,1
Frame 1903
3,493,126,1146,1
Frame 1904
3,493,126,1146,1
Frame 1905
3,493,126,1146,1
Frame 1906
3,493,126,1146,1
Frame 1907
3,493,126,1146,1
Frame 1908
3,493,126,1146,1
Frame 1909
3,493,126,1146,1
Frame 1910
3,493,126,1146,1
Frame 1911
3,493,126,1146,1
Frame 1912
6,483,120,1100,1
Frame 1913
6,483,120,1100,1
Frame 1914
6,483,120,1100,1
Frame 1915
6,483,120,1100,1
Frame 1916
6,483,120,1100,1
Frame 1917
6,483,120,1100,1
Frame 1918
6,483,120,1100,1
Frame 1919
6,483,120,1100,1
Frame 1920
6,483,120,1100,1
Frame 1921
6,483,120,1100,1
Frame 1922
6,483,120,1100,1
Frame 1923
6,483,120,1100,1
Frame 1924
6,483,120,1100,1
Frame 1925
6,483,120,1100,1
Frame 1926
6,483,120,1100,1
Frame 1927
6,483,120,1100,1
Frame 1928
6,483,120,1100,1
Frame 1929
6,483,120,1100,1
Frame 1930
6,483,120,1100,1
Frame 1931
6,483,120,1100,1
Frame 1932
6,483,120,1100,1
Frame 1933
6,483,120,1100,1
Frame 1934
6,483,120,1100,1
Frame 1935
6,483,120,1100,1
Frame 1936
6,483,120,1100,1
Frame 1937
6,483,120,1100,1
Frame 1938
6,483,120,1100,1
Frame 1939
6,483,120,1100,1
Frame 1940
6,483,120,1100,1
Frame 1941
6,483,120,1100,1
Frame 1942
6,483,120,1100,1
Frame 1943
6,493,133,1100,1
Frame 1944
6,493,133,1100,1
Frame 1945
6,493,133,1100,1
Frame 1946
6,493,133,1100,1
Frame 1947
6,493,133,1100,1
Frame 1948
6,553,110,1096,1
Frame 1949
6,553,110,1096,1
Frame 1950
6,553,110,1096,1
Frame 1951
6,553,110,1096,1
Frame 2283
3,600,133,1500,1
Frame 2284
3,600,133,1500,1
Frame 2285
3,600,133,1500,1
Frame 2286
3,600,133,1500,1
Frame 2287
3,600,133,1500,1
Frame 2288
3,600,133,1500,1
Frame 2289
3,600,133,1500,1
Frame 2290
3,600,133,1500,1
Frame 2291
3,600,133,1500,1
Frame 2292
3,600,133,1500,1
Frame 2293
3,600,133,1500,1
Frame 2294
3,600,133,1500,1
Frame 2295
3,600,133,1500,1
Frame 2296
3,600,133,1500,1
Frame 2297
3,600,133,1500,1
Frame 2298
6,620,260,1686,1
Frame 2299
6,620,260,1686,1
Frame 2300
6,620,260,1686,1
Frame 2301
6,620,260,1686,1
Frame 2302
6,620,260,1686,1
Frame 2303
6,620,260,1686,1
Frame 2304
6,620,260,1686,1
Frame 2305
6,620,260,1686,1
Frame 2306
6,620,260,1686,1
Frame 2307
6,620,260,1686,1
Frame 2308
6,620,260,1686,1
Frame 2309
6,620,260,1686,1
Frame 2310
6,620,260,1686,1
Frame 2311
6,620,260,1686,1
Frame 2312
6,620,260,1686,1
Frame 2313
6,620,260,1686,1
Frame 2314
13,670,333,1696,1
Frame 2315
13,670,333,1696,1
Frame 2316
13,670,333,1696,1
Frame 2317
13,670,333,1696,1
Frame 2318
13,670,333,1696,1
Frame 2319
13,670,333,1696,1
Frame 2320
13,670,333,1696,1
Frame 2321
13,670,333,1696,1
Frame 2322
13,670,333,1696,1
Frame 2323
13,670,333,1696,1
Frame 2324
13,670,333,1696,1
Frame 2325
13,670,333,1696,1
Frame 2326
13,670,333,1696,1
Frame 2327
13,670,333,1696,1
Frame 2328
13,706,340,1893,1
Frame 2329
13,706,340,1893,1
Frame 2330
13,706,340,1893,1
Frame 2331
13,706,340,1893,1
Frame 2332
13,706,340,1893,1
Frame 2333
13,706,340,1893,1
Frame 2334
13,706,340,1893,1
Frame 2335
13,706,340,1893,1
Frame 2336
13,706,340,1893,1
Frame 2337
13,706,340,1893,1
Frame 2338
13,706,340,1893,1
Frame 2339
13,706,340,1893,1
Frame 2340
13,706,340,1893,1
Frame 2341
10,750,286,1896,1
Frame 2342
10,750,286,1896,1
Frame 2343
10,750,286,1896,1
Frame 2344
10,750,286,1896,1
Frame 2345
10,750,286,1896,1
Frame 2346
10,750,286,1896,1
Frame 2347
10,750,286,1896,1
Frame 2348
10,750,286,1896,1
Frame 2349
6,746,306,1890,1
Frame 2350
6,746,306,1890,1
Frame 2351
6,746,306,1890,1
Frame 2352
6,746,306,1890,1
Frame 2353
6,746,306,1890,1
Frame 2354
6,746,306,1890,1
Frame 2355
6,746,306,1890,1
Frame 2356
6,966,250,1906,1
Frame 2357
6,966,250,1906,1
Frame 2358
6,966,250,1906,1
Frame 2359
6,966,250,1906,1
Frame 2360
6,966,250,1906,1
Frame 2361
6,966,250,1906,1
Frame 4363
10,756,246,1896,1
Frame 4364
10,756,246,1896,1
Frame 4365
10,756,246,1896,1
Frame 4366
10,756,246,1896,1
Frame 4367
10,756,246,1896,1
Frame 4368
10,756,246,1896,1
Frame 4369
10,756,246,1896,1
Frame 4370
10,756,246,1896,1
Frame 4371
10,756,246,1896,1
Frame 4372
10,756,246,1896,1
Frame 4373
10,756,246,1896,1
Frame 4374
10,756,246,1896,1
Frame 4375
10,756,246,1896,1
Frame 4376
10,756,246,1896,1
Frame 4377
10,756,246,1896,1
Frame 4378
10,756,246,1896,1
Frame 4379
10,756,246,1896,1
Frame 4380
10,756,246,1896,1
Frame 4381
10,756,246,1896,1
Frame 4382
10,756,246,1896,1
Frame 4383
10,756,246,1896,1
Frame 4384
16,763,366,1900,1
Frame 4385
16,763,366,1900,1
Frame 4386
16,763,366,1900,1
Frame 4387
16,763,366,1900,1
Frame 4388
16,763,366,1900,1
Frame 4389
16,763,366,1900,1
Frame 4390
16,763,366,1900,1
Frame 4391
16,763,366,1900,1
Frame 4392
16,763,366,1900,1
Frame 4393
16,763,366,1900,1
Frame 4394
16,763,366,1900,1
Frame 4395
16,763,366,1900,1
Frame 4396
16,763,366,1900,1
Frame 4397
16,763,366,1900,1
Frame 4398
16,763,366,1900,1
Frame 4399
106,743,413,1873,1
Frame 4400
106,743,413,1873,1
Frame 4401
106,743,413,1873,1
Frame 4402
106,743,413,1873,1
Frame 4403
106,743,413,1873,1
Frame 4404
106,743,413,1873,1
Frame 4405
106,743,413,1873,1
Frame 4406
106,743,413,1873,1
Frame 4407
106,743,413,1873,1
Frame 4408
106,743,413,1873,1
Frame 4409
30,753,403,1893,1
Frame 4410
30,753,403,1893,1
Frame 4411
30,753,403,1893,1
Frame 4412
30,753,403,1893,1
Frame 4413
30,753,403,1893,1
Frame 4414
30,753,403,1893,1
Frame 4415
30,753,403,1893,1
Frame 4416
30,753,403,1893,1
Frame 4417
30,753,403,1893,1
Frame 4418
30,753,403,1893,1
Frame 4419
30,753,403,1893,1
Frame 4420
30,753,403,1893,1
Frame 4421
30,753,403,1893,1
Frame 4422
30,753,403,1893,1
Frame 4423
30,753,403,1893,1
Frame 4424
30,753,403,1893,1
Frame 4425
30,753,403,1893,1
Frame 4426
30,753,403,1893,1
Frame 4427
30,753,403,1893,1
Frame 4428
30,753,403,1893,1
Frame 4429
30,753,403,1893,1
Frame 4430
30,753,403,1893,1
Frame 4431
30,753,403,1893,1
Frame 4432
30,753,403,1893,1
Frame 4433
30,753,403,1893,1
Frame 4434
30,753,403,1893,1
Frame 4435
30,753,403,1893,1
Frame 4436
30,753,403,1893,1
Frame 4437
30,753,403,1893,1
Frame 4438
30,753,403,1893,1
Frame 4439
30,753,403,1893,1
Frame 4440
30,753,403,1893,1
Frame 4441
30,753,403,1893,1
Frame 4442
30,753,403,1893,1
Frame 4443
30,753,403,1893,1
Frame 4444
30,753,403,1893,1
Frame 4445
30,753,403,1893,1
Frame 4446
30,753,403,1893,1
Frame 4447
30,753,403,1893,1
Frame 4448
30,753,403,1893,1
Frame 4449
30,753,403,1893,1
Frame 4450
30,753,403,1893,1
Frame 4451
30,753,403,1893,1
Frame 4452
30,753,403,1893,1
Frame 4453
30,753,403,1893,1
Frame 4454
30,753,403,1893,1
Frame 4455
30,753,403,1893,1
Frame 4456
30,753,403,1893,1
Frame 4457
30,753,403,1893,1
Frame 4458
30,753,403,1893,1
Frame 4459
30,753,403,1893,1
Frame 4460
30,753,403,1893,1
Frame 4461
30,753,403,1893,1
Frame 4462
30,753,403,1893,1
Frame 4463
30,753,403,1893,1
Frame 4464
30,753,403,1893,1
Frame 4465
30,753,403,1893,1
Frame 4466
30,753,403,1893,1
Frame 4467
30,753,403,1893,1
Frame 4468
30,753,403,1893,1
Frame 4469
30,753,403,1893,1
Frame 4470
30,753,403,1893,1
Frame 4471
30,753,403,1893,1
Frame 4472
30,753,403,1893,1
Frame 4473
30,753,403,1893,1
Frame 4474
30,753,403,1893,1
Frame 4475
30,753,403,1893,1
Frame 4476
30,753,403,1893,1
Frame 4477
30,753,403,1893,1
Frame 4478
16,733,590,1893,1
Frame 4479
16,733,590,1893,1
Frame 4480
16,733,590,1893,1
Frame 4481
23,753,493,1890,1
Frame 4482
23,753,493,1890,1
Frame 4483
23,753,493,1890,1
Frame 4484
26,743,433,1876,1
Frame 4485
26,743,433,1876,1
Frame 4486
26,743,433,1876,1
Frame 4487
26,743,433,1876,1
Frame 4488
26,743,433,1876,1
Frame 4489
26,743,433,1876,1
Frame 4490
26,743,433,1876,1
Frame 4491
26,743,433,1876,1
Frame 4492
26,743,433,1876,1
Frame 4493
26,743,433,1876,1
Frame 4494
26,743,433,1876,1
Frame 4495
26,743,433,1876,1
Frame 4496
26,743,433,1876,1
Frame 4497
26,743,433,1876,1
Frame 4498
26,743,433,1876,1
Frame 4499
26,743,433,1876,1
Frame 4500
26,743,433,1876,1
Frame 4501
26,743,433,1876,1
Frame 4502
26,743,433,1876,1
Frame 4503
26,743,433,1876,1
Frame 4504
26,743,433,1876,1
Frame 4505
26,743,433,1876,1
Frame 4506
26,743,433,1876,1
Frame 4507
26,743,433,1876,1
Frame 4508
26,743,433,1876,1
Frame 4509
26,743,433,1876,1
Frame 4510
26,743,433,1876,1
Frame 4511
26,743,433,1876,1
Frame 4512
26,743,433,1876,1
Frame 4513
26,743,433,1876,1
Frame 4514
26,743,433,1876,1
Frame 4515
26,743,433,1876,1
Frame 4516
26,743,433,1876,1
Frame 4517
26,743,433,1876,1
Frame 4518
26,743,433,1876,1
Frame 4519
26,743,433,1876,1
Frame 4520
26,743,433,1876,1
Frame 4521
26,743,433,1876,1
Frame 4522
26,743,433,1876,1
Frame 4523
26,743,433,1876,1
Frame 4524
26,743,433,1876,1
Frame 4525
26,743,433,1876,1
Frame 4526
26,743,433,1876,1
Frame 4527
26,743,433,1876,1
Frame 4528
26,743,433,1876,1
Frame 4529
26,743,433,1876,1
Frame 4530
26,743,433,1876,1
Frame 4531
26,743,433,1876,1
Frame 4532
26,743,433,1876,1
Frame 4533
26,743,433,1876,1
Frame 4534
26,743,433,1876,1
Frame 4535
26,743,433,1876,1
Frame 4536
26,743,433,1876,1
Frame 4537
26,743,433,1876,1
Frame 4538
26,743,433,1876,1
Frame 4539
26,743,433,1876,1
Frame 4540
26,743,433,1876,1
Frame 4541
26,743,433,1876,1
Frame 4542
26,743,433,1876,1
Frame 4543
26,743,433,1876,1
Frame 4544
26,743,433,1876,1
Frame 4545
26,743,433,1876,1
Frame 4546
26,743,433,1876,1
Frame 4547
26,743,433,1876,1
Frame 4548
26,743,433,1876,1
Frame 4549
26,743,433,1876,1
Frame 4550
26,743,433,1876,1
Frame 4551
26,743,433,1876,1
Frame 4552
26,743,433,1876,1
Frame 4553
26,743,433,1876,1
Frame 4554
26,743,433,1876,1
Frame 4555
26,743,433,1876,1
Frame 4556
26,743,433,1876,1
Frame 4557
26,743,433,1876,1
Frame 4558
26,743,433,1876,1
Frame 4559
26,743,433,1876,1
Frame 4560
26,743,433,1876,1
Frame 4561
26,743,433,1876,1
Frame 4562
26,743,433,1876,1
Frame 4563
26,743,433,1876,1
Frame 4564
26,743,433,1876,1
Frame 4565
26,743,433,1876,1
Frame 4566
26,743,433,1876,1
Frame 4567
26,743,433,1876,1
Frame 4568
26,743,433,1876,1
Frame 4569
26,743,433,1876,1
Frame 4570
26,743,433,1876,1
Frame 4571
26,743,433,1876,1
Frame 4572
26,743,433,1876,1
Frame 4573
26,743,433,1876,1
Frame 4574
26,743,433,1876,1
Frame 4575
26,743,433,1876,1
Frame 4576
26,743,433,1876,1
Frame 4577
26,743,433,1876,1
Frame 4578
26,743,433,1876,1
Frame 4579
26,743,433,1876,1
Frame 4580
26,743,433,1876,1
Frame 4581
26,743,433,1876,1
Frame 4582
26,743,433,1876,1
Frame 4583
26,743,433,1876,1
Frame 4584
26,743,433,1876,1
Frame 4585
26,743,433,1876,1
Frame 4586
26,743,433,1876,1
Frame 4587
26,743,433,1876,1
Frame 4588
26,743,433,1876,1
Frame 4589
26,743,433,1876,1
Frame 4590
26,743,433,1876,1
Frame 4591
26,743,433,1876,1
Frame 4592
26,743,433,1876,1
Frame 4593
26,743,433,1876,1
Frame 4594
26,743,433,1876,1
Frame 4595
26,743,433,1876,1
Frame 4596
26,743,433,1876,1
Frame 4597
26,743,433,1876,1
Frame 4598
26,743,433,1876,1
Frame 4599
26,743,433,1876,1
Frame 4600
26,743,433,1876,1
Frame 4601
26,743,433,1876,1
Frame 4602
26,743,433,1876,1
Frame 4603
26,743,433,1876,1
Frame 4604
26,743,433,1876,1
Frame 4605
26,743,433,1876,1
Frame 4606
26,743,433,1876,1
Frame 4607
26,743,433,1876,1
Frame 4608
26,743,433,1876,1
Frame 4609
26,743,433,1876,1
Frame 4610
26,743,433,1876,1
Frame 4611
26,743,433,1876,1
Frame 4612
26,743,433,1876,1
Frame 4613
26,743,433,1876,1
Frame 4614
26,743,433,1876,1
Frame 4615
26,743,433,1876,1
Frame 4616
26,743,433,1876,1
Frame 4617
26,743,433,1876,1
Frame 4618
26,743,433,1876,1
Frame 4619
26,743,433,1876,1
Frame 4620
26,743,433,1876,1
Frame 4621
26,743,433,1876,1
Frame 4622
26,743,433,1876,1
Frame 4623
26,743,433,1876,1
Frame 4624
26,743,433,1876,1
Frame 4625
26,743,433,1876,1
Frame 4626
26,743,433,1876,1
Frame 4627
26,743,433,1876,1
Frame 4628
26,743,433,1876,1
Frame 4629
26,743,433,1876,1
Frame 4630
26,743,433,1876,1
Frame 4631
26,743,433,1876,1
Frame 4632
26,743,433,1876,1
Frame 4633
26,743,433,1876,1
Frame 4634
26,743,433,1876,1
Frame 4635
26,743,433,1876,1
Frame 4636
26,743,433,1876,1
Frame 4637
26,743,433,1876,1
Frame 4638
26,743,433,1876,1
Frame 4639
26,743,433,1876,1
Frame 4640
26,743,433,1876,1
Frame 4641
26,743,433,1876,1
Frame 4642
26,743,433,1876,1
Frame 4643
26,743,433,1876,1
Frame 4644
26,743,433,1876,1
Frame 4645
26,743,433,1876,1
Frame 4646
26,743,433,1876,1
Frame 4647
26,743,433,1876,1
Frame 4648
26,743,433,1876,1
Frame 4649
26,743,433,1876,1
Frame 4650
26,743,433,1876,1
Frame 4651
26,743,433,1876,1
Frame 4652
26,743,433,1876,1
Frame 4653
26,743,433,1876,1
Frame 4654
26,743,433,1876,1
Frame 4655
26,743,433,1876,1
Frame 4656
26,743,433,1876,1
Frame 4657
26,743,433,1876,1
Frame 4658
26,743,433,1876,1
Frame 4659
26,743,433,1876,1
Frame 4660
26,743,433,1876,1
Frame 4661
26,743,433,1876,1
Frame 4662
26,743,433,1876,1
Frame 4663
26,743,433,1876,1
Frame 4664
26,743,433,1876,1
Frame 4665
26,743,433,1876,1
Frame 4666
26,743,433,1876,1
Frame 4667
26,743,433,1876,1
Frame 4668
26,743,433,1876,1
Frame 4669
26,743,433,1876,1
Frame 4670
26,743,433,1876,1
Frame 4671
26,743,433,1876,1
Frame 4672
26,743,433,1876,1
Frame 4673
26,743,433,1876,1
Frame 4674
26,743,433,1876,1
Frame 4675
26,743,433,1876,1
Frame 4676
26,743,433,1876,1
Frame 4677
26,743,433,1876,1
Frame 4678
26,743,433,1876,1
Frame 4679
33,740,430,1880,1
Frame 4680
33,740,430,1880,1
Frame 4681
33,740,430,1880,1
Frame 4682
33,740,430,1880,1
Frame 4683
33,740,430,1880,1
Frame 4684
33,740,430,1880,1
Frame 4685
33,740,430,1880,1
Frame 4686
33,740,430,1880,1
Frame 4687
33,740,430,1880,1
Frame 4688
33,740,430,1880,1
Frame 4689
33,740,430,1880,1
Frame 4690
33,740,430,1880,1
Frame 4691
33,740,430,1880,1
Frame 4692
33,740,430,1880,1
Frame 4693
33,740,430,1880,1
Frame 4694
33,740,430,1880,1
Frame 4695
33,740,430,1880,1
Frame 4696
33,740,430,1880,1
Frame 4697
33,740,430,1880,1
Frame 4698
33,740,430,1880,1
Frame 4699
33,740,430,1880,1
Frame 4700
33,740,430,1880,1
Frame 4701
33,740,430,1880,1
Frame 4702
33,740,430,1880,1
Frame 4703
33,740,430,1880,1
Frame 4704
33,740,430,1880,1
Frame 4705
33,740,430,1880,1
Frame 4706
33,740,430,1880,1
Frame 4707
33,740,430,1880,1
Frame 4708
33,740,430,1880,1
Frame 4709
33,740,430,1880,1
Frame 4710
33,740,430,1880,1
Frame 4711
33,740,430,1880,1
Frame 4712
33,740,430,1880,1
Frame 4713
33,740,430,1880,1
Frame 4714
33,740,430,1880,1
Frame 4715
33,740,430,1880,1
Frame 4716
33,740,430,1880,1
Frame 4717
33,740,430,1880,1
Frame 4718
33,740,430,1880,1
Frame 4719
33,740,430,1880,1
Frame 4720
33,740,430,1880,1
Frame 4721
33,740,430,1880,1
Frame 4722
33,740,430,1880,1
Frame 4723
33,740,430,1880,1
Frame 4724
33,740,430,1880,1
Frame 4725
33,740,430,1880,1
Frame 4726
33,740,430,1880,1
Frame 4727
33,740,430,1880,1
Frame 4728
33,740,430,1880,1
Frame 4729
33,740,430,1880,1
Frame 4730
33,740,430,1880,1
Frame 4731
33,740,430,1880,1
Frame 4732
33,740,430,1880,1
Frame 4733
33,740,430,1880,1
Frame 4734
33,740,430,1880,1
Frame 4735
33,740,430,1880,1
Frame 4736
33,740,430,1880,1
Frame 4737
33,740,430,1880,1
Frame 4738
33,740,430,1880,1
Frame 4739
33,740,430,1880,1
Frame 4740
33,740,430,1880,1
Frame 4741
33,740,430,1880,1
Frame 4742
33,740,430,1880,1
Frame 4743
33,740,430,1880,1
Frame 4744
33,740,430,1880,1
Frame 4745
33,740,430,1880,1
Frame 4746
33,740,430,1880,1
Frame 4747
33,740,430,1880,1
Frame 4748
33,740,430,1880,1
Frame 4749
33,740,430,1880,1
Frame 4750
33,740,430,1880,1
Frame 4751
33,740,430,1880,1
Frame 4752
33,740,430,1880,1
Frame 4753
33,740,430,1880,1
Frame 4754
33,740,430,1880,1
Frame 4755
33,740,430,1880,1
Frame 4756
33,740,430,1880,1
Frame 4757
33,740,430,1880,1
Frame 4758
33,740,430,1880,1
Frame 4759
33,740,430,1880,1
Frame 4760
33,740,430,1880,1
Frame 4761
33,740,430,1880,1
Frame 4762
33,740,430,1880,1
Frame 4763
33,740,430,1880,1
Frame 4764
33,740,430,1880,1
Frame 4765
33,740,430,1880,1
Frame 4766
33,740,430,1880,1
Frame 4767
33,740,430,1880,1
Frame 4768
33,740,430,1880,1
Frame 4769
33,740,430,1880,1
Frame 4770
33,740,430,1880,1
Frame 4771
33,740,430,1880,1
Frame 4772
33,740,430,1880,1
Frame 4773
33,740,430,1880,1
Frame 4774
33,740,430,1880,1
Frame 4775
33,740,430,1880,1
Frame 4776
33,740,430,1880,1
Frame 4777
33,740,430,1880,1
Frame 4778
33,740,430,1880,1
Frame 4779
33,740,430,1880,1
Frame 4780
33,740,430,1880,1
Frame 4781
33,740,430,1880,1
Frame 4782
33,740,430,1880,1
Frame 4783
33,740,430,1880,1
Frame 4784
33,740,430,1880,1
Frame 4785
33,740,430,1880,1
Frame 4786
33,740,430,1880,1
Frame 4787
33,740,430,1880,1
Frame 4788
33,740,430,1880,1
Frame 4789
33,740,430,1880,1
Frame 4790
33,740,430,1880,1
Frame 4791
33,740,430,1880,1
Frame 4792
33,740,430,1880,1
Frame 4793
33,740,430,1880,1
Frame 4794
33,740,430,1880,1
Frame 4795
33,740,430,1880,1
Frame 4796
33,740,430,1880,1
Frame 4797
33,740,430,1880,1
Frame 4798
33,740,430,1880,1
Frame 4799
33,740,430,1880,1
Frame 4800
33,740,430,1880,1
Frame 4801
33,740,430,1880,1
Frame 4802
33,740,430,1880,1
Frame 4803
33,740,430,1880,1
Frame 4804
33,740,430,1880,1
Frame 4805
33,740,430,1880,1
Frame 4806
33,740,430,1880,1
Frame 4807
33,740,430,1880,1
Frame 4808
33,740,430,1880,1
Frame 4809
33,740,430,1880,1
Frame 4810
33,740,430,1880,1
Frame 4811
33,740,430,1880,1
Frame 4812
33,740,430,1880,1
Frame 4813
33,740,430,1880,1
Frame 4814
33,740,430,1880,1
Frame 4815
33,740,430,1880,1
Frame 4816
33,740,430,1880,1
Frame 4817
33,740,430,1880,1
Frame 4818
33,740,430,1880,1
Frame 4819
33,740,430,1880,1
Frame 4820
33,740,430,1880,1
Frame 4821
33,740,430,1880,1
Frame 4822
33,740,430,1880,1
Frame 4823
33,740,430,1880,1
Frame 4824
33,740,430,1880,1
Frame 4825
33,740,430,1880,1
Frame 4826
33,740,430,1880,1
Frame 4827
33,740,430,1880,1
Frame 4828
33,740,430,1880,1
Frame 4829
33,740,430,1880,1
Frame 4830
33,740,430,1880,1
Frame 4831
33,740,430,1880,1
Frame 4832
33,740,430,1880,1
Frame 4833
33,740,430,1880,1
Frame 4834
33,740,430,1880,1
Frame 4835
33,740,430,1880,1
Frame 4836
33,740,430,1880,1
Frame 4837
33,740,430,1880,1
Frame 4838
33,740,430,1880,1
Frame 4839
33,740,430,1880,1
Frame 4840
33,740,430,1880,1
Frame 4841
33,740,430,1880,1
Frame 4842
33,740,430,1880,1
Frame 4843
33,740,430,1880,1
Frame 4844
33,740,430,1880,1
Frame 4845
33,740,430,1880,1
Frame 4846
33,740,430,1880,1
Frame 4847
33,740,430,1880,1
Frame 4848
33,740,430,1880,1
Frame 4849
33,740,430,1880,1
Frame 4850
33,740,430,1880,1
Frame 4851
33,740,430,1880,1
Frame 4852
33,740,430,1880,1
Frame 4853
33,740,430,1880,1
Frame 4854
33,740,430,1880,1
Frame 4855
33,740,430,1880,1
Frame 4856
33,740,430,1880,1
Frame 4857
33,740,430,1880,1
Frame 4858
33,740,430,1880,1
Frame 4859
33,740,430,1880,1
Frame 4860
33,740,430,1880,1
Frame 4861
33,740,430,1880,1
Frame 4862
33,740,430,1880,1
Frame 4863
33,740,430,1880,1
Frame 4864
33,740,430,1880,1
Frame 4865
33,740,430,1880,1
Frame 4866
33,740,430,1880,1
Frame 4867
33,740,430,1880,1
Frame 4868
33,740,430,1880,1
Frame 4869
33,740,430,1880,1
Frame 4870
33,740,430,1880,1
Frame 4871
33,740,430,1880,1
Frame 4872
33,740,430,1880,1
Frame 4873
33,740,430,1880,1
Frame 4874
33,740,430,1880,1
Frame 4875
33,740,430,1880,1
Frame 4876
33,740,430,1880,1
Frame 4877
33,740,430,1880,1
Frame 4878
33,740,430,1880,1
Frame 4879
33,740,430,1880,1
Frame 4880
33,740,430,1880,1
Frame 4881
33,740,430,1880,1
Frame 4882
33,740,430,1880,1
Frame 4883
33,740,430,1880,1
Frame 4884
33,740,430,1880,1
Frame 4885
33,740,430,1880,1
Frame 4886
33,740,430,1880,1
Frame 4887
33,740,430,1880,1
Frame 4888
33,740,430,1880,1
Frame 4889
33,740,430,1880,1
Frame 4890
33,740,430,1880,1
Frame 4891
33,740,430,1880,1
Frame 4892
33,740,430,1880,1
Frame 4893
33,740,430,1880,1
Frame 4894
33,740,430,1880,1
Frame 4895
33,740,430,1880,1
Frame 4896
33,740,430,1880,1
Frame 4897
33,740,430,1880,1
Frame 4898
33,740,430,1880,1
Frame 4899
33,740,430,1880,1
Frame 4900
33,740,430,1880,1
Frame 4901
33,740,430,1880,1
Frame 4902
33,740,430,1880,1
Frame 4903
33,740,430,1880,1
Frame 4904
33,740,430,1880,1
Frame 4905
33,740,430,1880,1
Frame 4906
33,740,430,1880,1
Frame 4907
33,740,430,1880,1
Frame 4908
33,740,430,1880,1
Frame 4909
33,740,430,1880,1
Frame 4910
33,740,430,1880,1
Frame 4911
33,740,430,1880,1
Frame 4912
33,740,430,1880,1
Frame 4913
33,740,430,1880,1
Frame 4914
33,740,430,1880,1
Frame 4915
33,740,430,1880,1
Frame 4916
33,740,430,1880,1
Frame 4917
33,740,430,1880,1
Frame 4918
33,740,430,1880,1
Frame 4919
33,740,430,1880,1
Frame 4920
33,740,430,1880,1
Frame 4921
33,740,430,1880,1
Frame 4922
33,740,430,1880,1
Frame 4923
33,740,430,1880,1
Frame 4924
33,740,430,1880,1
Frame 4925
33,740,430,1880,1
Frame 4926
33,740,430,1880,1
Frame 4927
33,740,430,1880,1
Frame 4928
33,740,430,1880,1
Frame 4929
33,740,430,1880,1
Frame 4930
33,740,430,1880,1
Frame 4931
33,740,430,1880,1
Frame 4932
33,740,430,1880,1
Frame 4933
33,740,430,1880,1
Frame 4934
33,740,430,1880,1
Frame 4935
33,740,430,1880,1
Frame 4936
33,740,430,1880,1
Frame 4937
33,740,430,1880,1
Frame 4938
33,740,430,1880,1
Frame 4939
33,740,430,1880,1
Frame 4940
33,740,430,1880,1
Frame 4941
33,740,430,1880,1
Frame 4942
33,740,430,1880,1
Frame 4943
33,740,430,1880,1
Frame 4944
33,740,430,1880,1
Frame 4945
33,740,430,1880,1
Frame 4946
33,740,430,1880,1
Frame 4947
33,740,430,1880,1
Frame 4948
33,740,430,1880,1
Frame 4949
33,740,430,1880,1
Frame 4950
33,740,430,1880,1
Frame 4951
33,740,430,1880,1
Frame 4952
33,740,430,1880,1
Frame 4953
33,740,430,1880,1
Frame 4954
33,740,430,1880,1
Frame 4955
33,740,430,1880,1
Frame 4956
33,740,430,1880,1
Frame 4957
33,740,430,1880,1
Frame 4958
33,740,430,1880,1
Frame 4959
33,740,430,1880,1
Frame 4960
33,740,430,1880,1
Frame 4961
33,740,430,1880,1
Frame 4962
33,740,430,1880,1
Frame 4963
33,740,430,1880,1
Frame 4964
33,740,430,1880,1
Frame 4965
33,740,430,1880,1
Frame 4966
33,740,430,1880,1
Frame 4967
33,740,430,1880,1
Frame 4968
33,740,430,1880,1
Frame 4969
33,740,430,1880,1
Frame 4970
33,740,430,1880,1
Frame 4971
33,740,430,1880,1
Frame 4972
33,740,430,1880,1
Frame 4973
33,740,430,1880,1
Frame 4974
33,740,430,1880,1
Frame 4975
33,740,430,1880,1
Frame 4976
33,740,430,1880,1
Frame 4977
33,740,430,1880,1
Frame 4978
33,740,430,1880,1
Frame 4979
33,740,430,1880,1
Frame 4980
33,740,430,1880,1
Frame 4981
33,740,430,1880,1
Frame 4982
33,740,430,1880,1
Frame 4983
33,740,430,1880,1
Frame 4984
33,740,430,1880,1
Frame 4985
33,740,430,1880,1
Frame 4986
33,740,430,1880,1
Frame 4987
33,740,430,1880,1
Frame 4988
33,740,430,1880,1
Frame 4989
33,740,430,1880,1
Frame 4990
33,740,430,1880,1
Frame 4991
33,740,430,1880,1
Frame 4992
33,740,430,1880,1
Frame 4993
33,740,430,1880,1
Frame 4994
33,740,430,1880,1
Frame 4995
33,740,430,1880,1
Frame 4996
33,740,430,1880,1
Frame 4997
33,740,430,1880,1
Frame 4998
33,740,430,1880,1
Frame 4999
33,740,430,1880,1
Frame 5000
33,740,430,1880,1
Frame 5001
33,740,430,1880,1
Frame 5002
33,740,430,1880,1
Frame 5003
33,740,430,1880,1
Frame 5004
33,740,430,1880,1
Frame 5005
33,740,430,1880,1
Frame 5006
33,740,430,1880,1
Frame 5007
33,740,430,1880,1
Frame 5008
33,740,430,1880,1
Frame 5009
33,740,430,1880,1
Frame 5010
33,740,430,1880,1
Frame 5011
33,740,430,1880,1
Frame 5012
33,740,430,1880,1
Frame 5013
33,740,430,1880,1
Frame 5014
33,740,430,1880,1
Frame 5015
33,740,430,1880,1
Frame 5016
33,740,430,1880,1
Frame 5017
33,740,430,1880,1
Frame 5018
33,740,430,1880,1
Frame 5019
33,740,430,1880,1
Frame 5020
33,740,430,1880,1
Frame 5021
33,740,430,1880,1
Frame 5022
33,740,430,1880,1
Frame 5023
33,740,430,1880,1
Frame 5024
33,740,430,1880,1
Frame 5025
33,740,430,1880,1
Frame 5026
33,740,430,1880,1
Frame 5027
33,740,430,1880,1
Frame 5028
33,740,430,1880,1
Frame 5029
33,740,430,1880,1
Frame 5030
33,740,430,1880,1
Frame 5031
33,740,430,1880,1
Frame 5032
33,740,430,1880,1
Frame 5033
33,740,430,1880,1
Frame 5034
33,740,430,1880,1
Frame 5035
33,740,430,1880,1
Frame 5036
33,740,430,1880,1
Frame 5037
33,740,430,1880,1
Frame 5038
33,740,430,1880,1
Frame 5039
33,740,430,1880,1
Frame 5040
33,740,430,1880,1
Frame 5041
33,740,430,1880,1
Frame 5042
33,740,430,1880,1
Frame 5043
33,740,430,1880,1
Frame 5044
33,740,430,1880,1
Frame 5045
33,740,430,1880,1
Frame 5046
33,740,430,1880,1
Frame 5047
33,740,430,1880,1
Frame 5048
33,740,430,1880,1
Frame 5049
33,740,430,1880,1
Frame 5050
33,740,430,1880,1
Frame 5051
33,740,430,1880,1
Frame 5052
33,740,430,1880,1
Frame 5053
33,740,430,1880,1
Frame 5054
33,740,430,1880,1
Frame 5055
33,740,430,1880,1
Frame 5056
33,740,430,1880,1
Frame 5057
33,740,430,1880,1
Frame 5058
33,740,430,1880,1
Frame 5059
33,740,430,1880,1
Frame 5060
33,740,430,1880,1
Frame 5061
33,740,430,1880,1
Frame 5062
33,740,430,1880,1
Frame 5063
33,740,430,1880,1
Frame 5064
33,740,430,1880,1
Frame 5065
33,740,430,1880,1
Frame 5066
33,740,430,1880,1
Frame 5067
33,740,430,1880,1
Frame 5068
33,740,430,1880,1
Frame 5069
33,740,430,1880,1
Frame 5070
33,740,430,1880,1
Frame 5071
33,740,430,1880,1
Frame 5072
33,740,430,1880,1
Frame 5073
33,740,430,1880,1
Frame 5074
33,740,430,1880,1
Frame 5075
33,740,430,1880,1
Frame 5076
33,740,430,1880,1
Frame 5077
33,740,430,1880,1
Frame 5078
33,740,430,1880,1
Frame 5079
33,740,430,1880,1
Frame 5080
33,740,430,1880,1
Frame 5081
33,740,430,1880,1
Frame 5082
33,740,430,1880,1
Frame 5083
33,740,430,1880,1
Frame 5084
33,740,430,1880,1
Frame 5085
33,740,430,1880,1
Frame 5086
33,740,430,1880,1
Frame 5087
133,746,436,1843,1
Frame 5088
133,746,436,1843,1
Frame 5089
133,746,436,1843,1
Frame 5090
133,746,436,1843,1
Frame 5091
133,746,436,1843,1
Frame 5092
133,746,436,1843,1
Frame 5093
133,746,436,1843,1
Frame 5094
133,746,436,1843,1
Frame 5095
133,746,436,1843,1
Frame 5096
133,746,436,1843,1
Frame 5097
100,763,446,1860,1
Frame 5098
100,763,446,1860,1
Frame 5099
100,763,446,1860,1
Frame 5100
100,763,446,1860,1
Frame 5101
100,763,446,1860,1
Frame 5102
100,763,446,1860,1
Frame 5103
100,763,446,1860,1
Frame 5104
100,763,446,1860,1
Frame 5105
100,763,446,1860,1
Frame 5106
100,763,446,1860,1
Frame 5107
100,763,446,1860,1
Frame 5108
100,763,446,1860,1
Frame 5109
100,763,446,1860,1
Frame 5110
100,763,446,1860,1
Frame 5111
100,763,446,1860,1
Frame 5112
100,763,446,1860,1
Frame 5113
100,763,446,1860,1
Frame 5114
100,763,446,1860,1
Frame 5115
100,763,446,1860,1
Frame 5116
100,763,446,1860,1
Frame 5117
100,763,446,1860,1
Frame 5118
100,763,446,1860,1
Frame 5119
100,763,446,1860,1
Frame 5120
100,763,446,1860,1
Frame 5121
100,763,446,1860,1
Frame 5122
100,763,446,1860,1
Frame 5123
100,763,446,1860,1
Frame 5124
100,763,446,1860,1
Frame 5125
100,763,446,1860,1
Frame 5126
100,763,446,1860,1
Frame 5127
100,763,446,1860,1
Frame 5128
100,763,446,1860,1
Frame 5129
100,763,446,1860,1
Frame 5130
100,763,446,1860,1
Frame 5131
100,763,446,1860,1
Frame 5132
100,763,446,1860,1
Frame 5133
100,763,446,1860,1
Frame 5134
100,763,446,1860,1
Frame 5135
100,763,446,1860,1
Frame 5136
100,763,446,1860,1
Frame 5137
100,763,446,1860,1
Frame 5138
100,763,446,1860,1
Frame 5139
100,763,446,1860,1
Frame 5140
100,763,446,1860,1
Frame 5141
100,763,446,1860,1
Frame 5142
100,763,446,1860,1
Frame 5143
100,763,446,1860,1
Frame 5144
100,763,446,1860,1
Frame 5145
100,763,446,1860,1
Frame 5146
100,763,446,1860,1
Frame 5147
100,763,446,1860,1
Frame 5148
100,763,446,1860,1
Frame 5149
100,763,446,1860,1
Frame 5150
100,763,446,1860,1
Frame 5151
100,763,446,1860,1
Frame 5152
100,763,446,1860,1
Frame 5153
100,763,446,1860,1
Frame 5154
100,763,446,1860,1
Frame 5155
100,763,446,1860,1
Frame 5156
100,763,446,1860,1
Frame 5157
100,763,446,1860,1
Frame 5158
100,763,446,1860,1
Frame 5159
100,763,446,1860,1
Frame 5160
100,763,446,1860,1
Frame 5161
100,763,446,1860,1
Frame 5162
100,763,446,1860,1
Frame 5163
100,763,446,1860,1
Frame 5164
100,763,446,1860,1
Frame 5165
100,763,446,1860,1
Frame 5166
100,763,446,1860,1
Frame 5167
100,763,446,1860,1
Frame 5168
100,763,446,1860,1
Frame 5169
100,763,446,1860,1
Frame 5170
100,763,446,1860,1
Frame 5171
100,763,446,1860,1
Frame 5172
100,763,446,1860,1
Frame 5173
100,763,446,1860,1
Frame 5174
100,763,446,1860,1
Frame 5175
100,763,446,1860,1
Frame 5176
100,763,446,1860,1
Frame 5177
100,763,446,1860,1
Frame 5178
100,763,446,1860,1
Frame 5179
100,763,446,1860,1
Frame 5180
100,763,446,1860,1
Frame 5181
100,763,446,1860,1
Frame 5182
100,763,446,1860,1
Frame 5183
100,763,446,1860,1
Frame 5184
100,763,446,1860,1
Frame 5185
100,763,446,1860,1
Frame 5186
100,763,446,1860,1
Frame 5187
100,763,446,1860,1
Frame 5188
100,763,446,1860,1
Frame 5189
100,763,446,1860,1
Frame 5190
100,763,446,1860,1
Frame 5191
100,763,446,1860,1
Frame 5192
100,763,446,1860,1
Frame 5193
100,763,446,1860,1
Frame 5194
100,763,446,1860,1
Frame 5195
100,763,446,1860,1
Frame 5196
100,763,446,1860,1
Frame 5197
100,763,446,1860,1
Frame 5198
100,763,446,1860,1
Frame 5199
100,763,446,1860,1
Frame 5200
100,763,446,1860,1
Frame 5201
100,763,446,1860,1
Frame 5202
100,763,446,1860,1
Frame 5203
100,763,446,1860,1
Frame 5204
100,763,446,1860,1
Frame 5205
100,763,446,1860,1
Frame 5206
100,763,446,1860,1
Frame 5207
100,763,446,1860,1
Frame 5208
100,763,446,1860,1
Frame 5209
100,763,446,1860,1
Frame 5210
100,763,446,1860,1
Frame 5211
100,763,446,1860,1
Frame 5247
96,756,430,1846,1
Frame 5248
96,756,430,1846,1
Frame 5249
96,756,430,1846,1
Frame 5250
96,756,430,1846,1
Frame 5251
96,756,430,1846,1
Frame 5252
96,756,430,1846,1
Frame 5253
96,756,430,1846,1
Frame 5254
96,756,430,1846,1
Frame 5255
96,756,430,1846,1
Frame 5256
96,756,430,1846,1
Frame 5257
96,756,430,1846,1
Frame 5258
96,756,430,1846,1
Frame 5259
96,756,430,1846,1
Frame 5260
96,756,430,1846,1
Frame 5261
96,756,430,1846,1
Frame 5262
96,756,430,1846,1
Frame 5263
96,756,430,1846,1
Frame 5264
96,756,430,1846,1
Frame 5265
96,756,430,1846,1
Frame 5266
96,756,430,1846,1
Frame 5267
96,756,430,1846,1
Frame 5268
96,756,430,1846,1
Frame 5269
96,756,430,1846,1
Frame 5270
96,756,430,1846,1
Frame 5271
96,756,430,1846,1
Frame 5272
96,756,430,1846,1
Frame 5273
96,756,430,1846,1
Frame 5274
96,756,430,1846,1
Frame 5275
96,756,430,1846,1
Frame 5276
96,756,430,1846,1
Frame 5277
96,756,430,1846,1
Frame 5278
96,756,430,1846,1
Frame 5279
96,756,430,1846,1
Frame 5280
96,756,430,1846,1
Frame 5281
96,756,430,1846,1
Frame 5282
96,756,430,1846,1
Frame 5283
96,756,430,1846,1
Frame 5284
96,756,430,1846,1
Frame 5285
96,756,430,1846,1
Frame 5286
96,756,430,1846,1
Frame 5287
96,756,430,1846,1
Frame 5288
96,756,430,1846,1
Frame 5289
96,756,430,1846,1
Frame 5290
96,756,430,1846,1
Frame 5291
96,756,430,1846,1
Frame 5292
96,756,430,1846,1
Frame 5293
96,756,430,1846,1
Frame 5294
96,756,430,1846,1
Frame 5295
96,756,430,1846,1
Frame 5296
96,756,430,1846,1
Frame 5297
96,756,430,1846,1
Frame 5298
96,756,430,1846,1
Frame 5299
96,756,430,1846,1
Frame 5300
96,756,430,1846,1
Frame 5301
96,756,430,1846,1
Frame 5302
96,756,430,1846,1
Frame 5303
96,756,430,1846,1
Frame 5304
96,756,430,1846,1
Frame 5305
96,756,430,1846,1
Frame 5306
96,756,430,1846,1
Frame 5307
96,756,430,1846,1
Frame 5308
96,756,430,1846,1
Frame 5309
96,756,430,1846,1
Frame 5310
96,756,430,1846,1
Frame 5311
96,756,430,1846,1
Frame 5312
96,756,430,1846,1
Frame 5313
96,756,430,1846,1
Frame 5314
96,756,430,1846,1
Frame 5315
96,756,430,1846,1
Frame 5316
96,756,430,1846,1
Frame 5317
96,756,430,1846,1
Frame 5318
96,756,430,1846,1
Frame 5319
96,756,430,1846,1
Frame 5320
96,756,430,1846,1
Frame 5321
96,756,430,1846,1
Frame 5322
96,756,430,1846,1
Frame 5323
96,756,430,1846,1
Frame 5324
96,756,430,1846,1
Frame 5325
96,756,430,1846,1
Frame 5326
96,756,430,1846,1
Frame 5327
96,756,430,1846,1
Frame 5328
96,756,430,1846,1
Frame 5329
96,756,430,1846,1
Frame 5330
96,756,430,1846,1
Frame 5331
96,756,430,1846,1
Frame 5332
96,756,430,1846,1
Frame 5333
96,756,430,1846,1
Frame 5334
96,756,430,1846,1
Frame 5335
96,756,430,1846,1
Frame 5336
96,756,430,1846,1
Frame 5337
96,756,430,1846,1
Frame 5338
96,756,430,1846,1
Frame 5339
96,756,430,1846,1
Frame 5340
96,756,430,1846,1
Frame 5341
96,756,430,1846,1
Frame 5342
96,756,430,1846,1
Frame 5343
96,756,430,1846,1
Frame 5344
96,756,430,1846,1
Frame 5345
96,756,430,1846,1
Frame 5346
96,756,430,1846,1
Frame 5347
96,756,430,1846,1
Frame 5348
96,756,430,1846,1
Frame 5349
96,756,430,1846,1
Frame 5350
96,756,430,1846,1
Frame 5351
96,756,430,1846,1
Frame 5352
96,756,430,1846,1
Frame 5353
96,756,430,1846,1
Frame 5354
96,756,430,1846,1
Frame 5355
96,756,430,1846,1
Frame 5356
96,756,430,1846,1
Frame 5357
96,756,430,1846,1
Frame 5358
96,756,430,1846,1
Frame 5359
96,756,430,1846,1
Frame 5360
96,756,430,1846,1
Frame 5361
96,756,430,1846,1
Frame 5362
96,756,430,1846,1
Frame 5363
96,756,430,1846,1
Frame 5364
96,756,430,1846,1
Frame 5365
96,756,430,1846,1
Frame 5366
96,756,430,1846,1
Frame 5367
96,756,430,1846,1
Frame 5368
96,756,430,1846,1
Frame 5369
96,756,430,1846,1
Frame 5370
96,756,430,1846,1
Frame 5371
96,756,430,1846,1
Frame 5372
96,756,430,1846,1
Frame 5373
96,756,430,1846,1
Frame 5374
96,756,430,1846,1
Frame 5375
96,756,430,1846,1
Frame 5376
96,756,430,1846,1
Frame 5377
96,756,430,1846,1
Frame 5378
96,756,430,1846,1
Frame 5379
96,756,430,1846,1
Frame 5380
96,756,430,1846,1
Frame 5381
96,756,430,1846,1
Frame 5382
96,756,430,1846,1
Frame 5383
96,756,430,1846,1
Frame 5384
96,756,430,1846,1
Frame 5385
96,756,430,1846,1
Frame 5386
96,756,430,1846,1
Frame 5387
96,756,430,1846,1
Frame 5388
96,756,430,1846,1
Frame 5389
96,756,430,1846,1
Frame 5390
96,756,430,1846,1
Frame 5391
96,756,430,1846,1
Frame 5392
96,756,430,1846,1
Frame 5393
96,756,430,1846,1
Frame 5394
96,756,430,1846,1
Frame 5395
96,756,430,1846,1
Frame 5396
96,756,430,1846,1
Frame 5397
96,756,430,1846,1
Frame 5398
96,756,430,1846,1
Frame 5399
96,756,430,1846,1
Frame 5400
96,756,430,1846,1
Frame 5401
96,756,430,1846,1
Frame 5402
96,756,430,1846,1
Frame 5403
96,756,430,1846,1
Frame 5404
96,756,430,1846,1
Frame 5405
96,756,430,1846,1
Frame 5406
96,756,430,1846,1
Frame 5407
96,756,430,1846,1
Frame 5408
96,756,430,1846,1
Frame 5409
96,756,430,1846,1
Frame 5410
96,756,430,1846,1
Frame 5411
96,756,430,1846,1
Frame 5412
96,756,430,1846,1
Frame 5413
96,756,430,1846,1
Frame 5414
96,756,430,1846,1
Frame 5415
96,756,430,1846,1
Frame 5416
96,756,430,1846,1
Frame 5417
96,756,430,1846,1
Frame 5418
96,756,430,1846,1
Frame 5419
96,756,430,1846,1
Frame 5420
6,783,400,1870,1
Frame 5421
6,783,400,1870,1
Frame 5422
6,783,400,1870,1
Frame 5423
6,783,400,1870,1
Frame 5424
6,783,400,1870,1
Frame 5425
6,783,400,1870,1
Frame 5426
6,783,400,1870,1
Frame 5427
6,783,400,1870,1
Frame 5428
3,793,310,1880,1
Frame 5429
3,793,310,1880,1
Frame 5430
3,793,310,1880,1
Frame 5431
3,793,310,1880,1
Frame 5432
3,793,310,1880,1
Frame 5433
3,793,310,1880,1
Frame 5434
3,793,310,1880,1
Frame 5435
10,813,233,1883,1
Frame 5436
10,813,233,1883,1
Frame 5437
10,813,233,1883,1
Frame 5438
10,813,233,1883,1
Frame 5439
10,813,233,1883,1
Frame 5440
10,813,233,1883,1
Frame 5441
10,813,233,1883,1
Frame 5442
10,813,233,1883,1
Frame 5443
6,880,196,1910,1
Frame 5444
6,880,196,1910,1
Frame 5445
6,880,196,1910,1
Frame 5446
6,880,196,1910,1
